
1.20230618
1.20230618
1.20230618
1.20230618
1.20230619
1.20230619
1.20230619
1.20230619
1.20230620
1.20230620
1.20230620
1.20230620
1.20230621
1.20230621
1.20230621
1.20230621
1.20230622
1.20230622
1.20230622
1.20230622
1.20230623
1.20230623
1.20230623
1.20230623
1.20230624
1.20230624
1.20230624
1.20230624
1.20230625
1.20230625
1.20230625
1.20230625
1.20230626
1.20230626
1.20230626
1.20230626
1.20230627
1.20230627
1.20230627
1.20230627
1.20230628
1.20230628
1.20230628
1.20230628
1.20230629
1.20230629
1.20230629
1.20230629
1.20230630
1.20230630
1.20230630
1.20230630
1.20230701
1.20230701
1.20230701
1.20230701
1.20230702
1.20230702
1.20230702
1.20230702
1.20230703
1.20230703
1.20230703
1.20230703
1.20230704
1.20230704
1.20230704
1.20230704
1.20230705
1.20230705
1.20230705
1.20230705
1.20230706
1.20230706
1.20230706
1.20230706
1.20230707
1.20230707
1.20230707
1.20230707
1.20230708
1.20230708
1.20230708
1.20230708
1.20230709
1.20230709
1.20230709
1.20230709
1.20230710
1.20230710
1.20230710
1.20230710
1.20230711
1.20230711
1.20230711
1.20230711
1.20230712
1.20230712
1.20230712
1.20230712
1.20230713
1.20230713
1.20230713
1.20230713
1.20230714
1.20230714
1.20230714
1.20230714
1.20230715
1.20230715
1.20230715
1.20230715
1.20230716
1.20230716
1.20230716
1.20230716
1.20230717
1.20230717
1.20230717
1.20230717
1.20230718
1.20230718
1.20230718
1.20230718
1.20230719
1.20230719
1.20230719
1.20230719
1.20230720
1.20230720
1.20230720
1.20230720
1.20230721
1.20230721
1.20230721
1.20230721
1.20230722
1.20230722
1.20230722
1.20230722
1.20230723
1.20230723
1.20230723
1.20230723
1.20230724
1.20230724
1.20230724
1.20230724
1.20230725
1.20230725
1.20230725
1.20230725
1.20230726
1.20230726
1.20230726
1.20230726
1.20230727
1.20230727
1.20230727
1.20230727
1.20230728
1.20230728
1.20230728
1.20230728
1.20230729
1.20230729
1.20230729
1.20230729
1.20230730
1.20230730
1.20230730
1.20230730
1.20230731
1.20230731
1.20230731
1.20230731
1.20230801
1.20230801
1.20230801
1.20230801
1.20230802
1.20230802
1.20230802
1.20230802
1.20230803
1.20230803
1.20230803
1.20230803
1.20230804
1.20230804
1.20230804
1.20230804
1.20230805
1.20230805
1.20230805
1.20230805
1.20230806
1.20230806
1.20230806
1.20230806
1.20230807
1.20230807
1.20230807
1.20230807
1.20230808
1.20230808
1.20230808
1.20230808
1.20230809
1.20230809
1.20230809
1.20230809
1.20230810
1.20230810
1.20230810
1.20230810
1.20230811
1.20230811
1.20230811
1.20230811
1.20230812
1.20230812
1.20230812
1.20230812
1.20230813
1.20230813
1.20230813
1.20230813
1.20230814
1.20230814
1.20230814
1.20230814
1.20230815
1.20230815
1.20230815
1.20230815
1.20230816
1.20230816
1.20230816
1.20230816
1.20230817
1.20230817
1.20230817
1.20230817
1.20230818
1.20230818
1.20230818
1.20230818
1.20230819
1.20230819
1.20230819
1.20230819
1.20230820
1.20230820
1.20230820
1.20230820
1.20230821
1.20230821
1.20230821
1.20230821
1.20230822
1.20230822
1.20230822
1.20230822
1.20230823
1.20230823
1.20230823
1.20230823
1.20230824
1.20230824
1.20230824
1.20230824
1.20230825
1.20230825
1.20230825
1.20230825
1.20230826
1.20230826
1.20230826
1.20230826
1.20230827
1.20230827
1.20230827
1.20230827
1.20230828
1.20230828
1.20230828
1.20230828
1.20230829
1.20230829
1.20230829
1.20230829
1.20230830
1.20230830
1.20230830
1.20230830
1.20230831
1.20230831
1.20230831
1.20230831
1.20230901
1.20230901
1.20230901
1.20230901
1.20230902
1.20230902
1.20230902
1.20230902
1.20230903
1.20230903
1.20230903
1.20230903
1.20230904
1.20230904
1.20230904
1.20230904
1.20230905
1.20230905
1.20230905
1.20230905
1.20230906
1.20230906
1.20230906
1.20230906
1.20230907
1.20230907
1.20230907
1.20230907
1.20230908
1.20230908
1.20230908
1.20230908
1.20230909
1.20230909
1.20230909
1.20230909
1.20230910
1.20230910
1.20230910
1.20230910
1.20230911
1.20230911
1.20230911
1.20230911
1.20230912
1.20230912
1.20230912
1.20230912
1.20230913
1.20230913
1.20230913
1.20230913
1.20230914
1.20230914
1.20230914
1.20230914
1.20230915
1.20230915
1.20230915
1.20230915
1.20230916
1.20230916
1.20230916
1.20230916
1.20230917
1.20230917
1.20230917
1.20230917
1.20230918
1.20230918
1.20230918
1.20230918
1.20230919
1.20230919
1.20230919
1.20230919
1.20230920
1.20230920
1.20230920
1.20230920
1.20230921
1.20230921
1.20230921
1.20230921
1.20230922
1.20230922
1.20230922
1.20230922
1.20230923
1.20230923
1.20230923
1.20230923
1.20230924
1.20230924
1.20230924
1.20230924
1.20230925
1.20230925
1.20230925
1.20230925
1.20230926
1.20230926
1.20230926
1.20230926
1.20230927
1.20230927
1.20230927
1.20230927
1.20230928
1.20230928
1.20230928
1.20230928
1.20230929
1.20230929
1.20230929
1.20230929
1.20230930
1.20230930
1.20230930
1.20230930
1.20231001
1.20231001
1.20231001
1.20231001
1.20231002
1.20231002
1.20231002
1.20231002
1.20231003
1.20231003
1.20231003
1.20231003
1.20231004
1.20231004
1.20231004
1.20231004
1.20231005
1.20231005
1.20231005
1.20231005
1.20231006
1.20231006
1.20231006
1.20231006
1.20231007
1.20231007
1.20231007
1.20231007
1.20231008
1.20231008
1.20231008
1.20231008
1.20231009
1.20231009
1.20231009
1.20231009
1.20231010
1.20231010
1.20231010
1.20231010
1.20231011
1.20231011
1.20231011
1.20231011
1.20231012
1.20231012
1.20231012
1.20231012
1.20231013
1.20231013
1.20231013
1.20231013
1.20231014
1.20231014
1.20231014
1.20231014
1.20231015
1.20231015
1.20231015
1.20231015
1.20231016
1.20231016
1.20231016
1.20231016
1.20231017
1.20231017
1.20231017
1.20231017
1.20231018
1.20231018
1.20231018
1.20231018
1.20231019
1.20231019
1.20231019
1.20231019
1.20231020
1.20231020
1.20231020
1.20231020
1.20231021
1.20231021
1.20231021
1.20231021
1.20231022
1.20231022
1.20231022
1.20231022
1.20231023
1.20231023
1.20231023
1.20231023
1.20231024
1.20231024
1.20231024
1.20231024
1.20231025
1.20231025
1.20231025
1.20231025
1.20231026
1.20231026
1.20231026
1.20231026
1.20231027
1.20231027
1.20231027
1.20231027
1.20231028
1.20231028
1.20231028
1.20231028
1.20231029
1.20231029
1.20231029
1.20231029
1.20231030
1.20231030
1.20231030
1.20231030
1.20231031
1.20231031
1.20231031
1.20231031
1.20231101
1.20231101
1.20231101
1.20231101
1.20231102
1.20231102
1.20231102
1.20231102
1.20231103
1.20231103
1.20231103
1.20231103
1.20231104
1.20231104
1.20231104
1.20231104
1.20231105
1.20231105
1.20231105
1.20231105
1.20231106
1.20231106
1.20231106
1.20231106
1.20231107
1.20231107
1.20231107
1.20231107
1.20231108
1.20231108
1.20231108
1.20231108
1.20231109
1.20231109
1.20231109
1.20231109
1.20231110
1.20231110
1.20231110
1.20231110
1.20231111
1.20231111
1.20231111
1.20231111
1.20231112
1.20231112
1.20231112
1.20231112
1.20231113
1.20231113
1.20231113
1.20231113
1.20231114
1.20231114
1.20231114
1.20231114
1.20231115
1.20231115
1.20231115
1.20231115
1.20231116
1.20231116
1.20231116
1.20231116
1.20231117
1.20231117
1.20231117
1.20231117
1.20231118
1.20231118
1.20231118
1.20231118
1.20231119
1.20231119
1.20231119
1.20231119
1.20231120
1.20231120
1.20231120
1.20231120
1.20231121
1.20231121
1.20231121
1.20231121
1.20231122
1.20231122
1.20231122
1.20231122
1.20231123
1.20231123
1.20231123
1.20231123
1.20231124
1.20231124
1.20231124
1.20231124
1.20231125
1.20231125
1.20231125
1.20231125
1.20231126
1.20231126
1.20231126
1.20231126
1.20231127
1.20231127
1.20231127
1.20231127
1.20231128
1.20231128
1.20231128
1.20231128
1.20231129
1.20231129
1.20231129
1.20231129
1.20231130
1.20231130
1.20231130
1.20231130
1.20231201
1.20231201
1.20231201
1.20231201
1.20231202
1.20231202
1.20231202
1.20231202
1.20231203
1.20231203
1.20231203
1.20231203
1.20231204
1.20231204
1.20231204
1.20231204
1.20231205
1.20231205
1.20231205
1.20231205
1.20231206
1.20231206
1.20231206
1.20231206
1.20231207
1.20231207
1.20231207
1.20231207
1.20231208
1.20231208
1.20231208
1.20231208
1.20231209
1.20231209
1.20231209
1.20231209
1.20231210
1.20231210
1.20231210
1.20231210
1.20231211
1.20231211
1.20231211
1.20231211
1.20231212
1.20231212
1.20231212
1.20231212
1.20231213
1.20231213
1.20231213
1.20231213
1.20231214
1.20231214
1.20231214
1.20231214
1.20231215
1.20231215
1.20231215
1.20231215
1.20231216
1.20231216
1.20231216
1.20231216
1.20231217
1.20231217
1.20231217
1.20231217
1.20231218
1.20231218
1.20231218
1.20231218
1.20231219
1.20231219
1.20231219
1.20231219
1.20231220
1.20231220
1.20231220
1.20231220
1.20231221
1.20231221
1.20231221
1.20231221
1.20231222
1.20231222
1.20231222
1.20231222
1.20231223
1.20231223
1.20231223
1.20231223
1.20231224
1.20231224
1.20231224
1.20231224
1.20231225
1.20231225
1.20231225
1.20231225
1.20231226
1.20231226
1.20231226
1.20231226
1.20231227
1.20231227
1.20231227
1.20231227
1.20231228
1.20231228
1.20231228
1.20231228
1.20231229
1.20231229
1.20231229
1.20231229
1.20231230
1.20231230
1.20231230
1.20231230
1.20231231
1.20231231
1.20231231
1.20231231
1.20240101
1.20240101
1.20240101
1.20240101
1.20240102
1.20240102
1.20240102
1.20240102
1.20240103
1.20240103
1.20240103
1.20240103
1.20240104
1.20240104
1.20240104
1.20240104
1.20240105
1.20240105
1.20240105
1.20240105
1.20240106
1.20240106
1.20240106
1.20240106
1.20240107
1.20240107
1.20240107
1.20240107
1.20240108
1.20240108
1.20240108
1.20240108
1.20240109
1.20240109
1.20240109
1.20240109
1.20240110
1.20240110
1.20240110
1.20240110
1.20240111
1.20240111
1.20240111
1.20240111
1.20240112
1.20240112
1.20240112
1.20240112
1.20240113
1.20240113
1.20240113
1.20240113
1.20240114
1.20240114
1.20240114
1.20240114
1.20240115
1.20240115
1.20240115
1.20240115
1.20240116
1.20240116
1.20240116
1.20240116
1.20240117
1.20240117
1.20240117
1.20240117
1.20240118
1.20240118
1.20240118
1.20240118
1.20240119
1.20240119
1.20240119
1.20240119
1.20240120
1.20240120
1.20240120
1.20240120
1.20240121
1.20240121
1.20240121
1.20240121
1.20240122
1.20240122
1.20240122
1.20240122
1.20240123
1.20240123
1.20240123
1.20240123
1.20240124
1.20240124
1.20240124
1.20240124
1.20240125
1.20240125
1.20240125
1.20240125
1.20240126
1.20240126
1.20240126
1.20240126
1.20240127
1.20240127
1.20240127
1.20240127
1.20240128
1.20240128
1.20240128
1.20240128
1.20240129
1.20240129
1.20240129
1.20240129
1.20240130
1.20240130
1.20240130
1.20240130
1.20240131
1.20240131
1.20240131
1.20240131
1.20240201
1.20240201
1.20240201
1.20240201
1.20240202
1.20240202
1.20240202
1.20240202
1.20240203
1.20240203
1.20240203
1.20240203
1.20240204
1.20240204
1.20240204
1.20240204
1.20240205
1.20240205
1.20240205
1.20240205
1.20240206
1.20240206
1.20240206
1.20240206
1.20240207
1.20240207
1.20240207
1.20240207
1.20240208
1.20240208
1.20240208
1.20240208
1.20240209
1.20240209
1.20240209
1.20240209
1.20240210
1.20240210
1.20240210
1.20240210
1.20240211
1.20240211
1.20240211
1.20240211
1.20240212
1.20240212
1.20240212
1.20240212
1.20240213
1.20240213
1.20240213
1.20240213
1.20240214
1.20240214
1.20240214
1.20240214
1.20240215
1.20240215
1.20240215
1.20240215
1.20240216
1.20240216
1.20240216
1.20240216
1.20240217
1.20240217
1.20240217
1.20240217
1.20240218
1.20240218
1.20240218
1.20240218
1.20240219
1.20240219
1.20240219
1.20240219
1.20240220
1.20240220
1.20240220
1.20240220
1.20240221
1.20240221
1.20240221
1.20240221
1.20240222
1.20240222
1.20240222
1.20240222
1.20240223
1.20240223
1.20240223
1.20240223
1.20240224
1.20240224
1.20240224
1.20240224
1.20240225
1.20240225
1.20240225
1.20240225
1.20240226
1.20240226
1.20240226
1.20240226
1.20240227
1.20240227
1.20240227
1.20240227
1.20240228
1.20240228
1.20240228
1.20240228
1.20240229
1.20240229
1.20240229
1.20240229
1.20240301
1.20240301
1.20240301
1.20240301
1.20240302
1.20240302
1.20240302
1.20240302
1.20240303
1.20240303
1.20240303
1.20240303
1.20240304
1.20240304
1.20240304
1.20240304
1.20240305
1.20240305
1.20240305
1.20240305
1.20240306
1.20240306
1.20240306
1.20240306
1.20240307
1.20240307
1.20240307
1.20240307
1.20240308
1.20240308
1.20240308
1.20240308
1.20240309
1.20240309
1.20240309
1.20240309
1.20240310
1.20240310
1.20240310
1.20240310
1.20240311
1.20240311
1.20240311
1.20240311
1.20240312
1.20240312
1.20240312
1.20240312
1.20240313
1.20240313
1.20240313
1.20240313
1.20240314
1.20240314
1.20240314
1.20240314
1.20240315
1.20240315
1.20240315
1.20240315
1.20240316
1.20240316
1.20240316
1.20240316
1.20240317
1.20240317
1.20240317
1.20240317
1.20240318
1.20240318
1.20240318
1.20240318
1.20240319
1.20240319
1.20240319
1.20240319
1.20240320
1.20240320
1.20240320
1.20240320
1.20240321
1.20240321
1.20240321
1.20240321
1.20240322
1.20240322
1.20240322
1.20240322
1.20240323
1.20240323
1.20240323
1.20240323
1.20240324
1.20240324
1.20240324
1.20240324
1.20240325
1.20240325
1.20240325
1.20240325
1.20240326
1.20240326
1.20240326
1.20240326
1.20240327
1.20240327
1.20240327
1.20240327
1.20240328
1.20240328
1.20240328
1.20240328
1.20240329
1.20240329
1.20240329
1.20240329
1.20240330
1.20240330
1.20240330
1.20240330
1.20240331
1.20240331
1.20240331
1.20240331
1.20240401
1.20240401
1.20240401
1.20240401
1.20240402
1.20240402
1.20240402
1.20240402
1.20240403
1.20240403
1.20240403
1.20240403
1.20240404
1.20240404
1.20240404
1.20240404
1.20240405
1.20240405
1.20240405
1.20240405
1.20240406
1.20240406
1.20240406
1.20240406
1.20240407
1.20240407
1.20240407
1.20240407
1.20240408
1.20240408
1.20240408
1.20240408
1.20240409
1.20240409
1.20240409
1.20240409
1.20240410
1.20240410
1.20240410
1.20240410
1.20240411
1.20240411
1.20240411
1.20240411
1.20240412
1.20240412
1.20240412
1.20240412
1.20240413
1.20240413
1.20240413
1.20240413
1.20240414
1.20240414
1.20240414
1.20240414
1.20240415
1.20240415
1.20240415
1.20240415
1.20240416
1.20240416
1.20240416
1.20240416
1.20240417
1.20240417
1.20240417
1.20240417
1.20240418
1.20240418
1.20240418
1.20240418
1.20240419
1.20240419
1.20240419
1.20240419
1.20240420
1.20240420
1.20240420
1.20240420
1.20240421
1.20240421
1.20240421
1.20240421
1.20240422
1.20240422
1.20240422
1.20240422
1.20240423
1.20240423
1.20240423
1.20240423
1.20240424
1.20240424
1.20240424
1.20240424
1.20240425
1.20240425
1.20240425
1.20240425
1.20240426
1.20240426
1.20240426
1.20240426
1.20240427
1.20240427
1.20240427
1.20240427
1.20240428
1.20240428
1.20240428
1.20240428
1.20240429
1.20240429
1.20240429
1.20240429
1.20240430
1.20240430
1.20240430
1.20240430
1.20240501
1.20240501
1.20240501
1.20240501
1.20240502
1.20240502
1.20240502
1.20240502
1.20240503
1.20240503
1.20240503
1.20240503
1.20240504
1.20240504
1.20240504
1.20240504
1.20240505
1.20240505
1.20240505
1.20240505
1.20240506
1.20240506
1.20240506
1.20240506
1.20240507
1.20240507
1.20240507
1.20240507
1.20240508
1.20240508
1.20240508
1.20240508
1.20240509
1.20240509
1.20240509
1.20240509
1.20240510
1.20240510
1.20240510
1.20240510
1.20240511
1.20240511
1.20240511
1.20240511
1.20240512
1.20240512
1.20240512
1.20240512
1.20240513
1.20240513
1.20240513
1.20240513
1.20240514
1.20240514
1.20240514
1.20240514
1.20240515
1.20240515
1.20240515
1.20240515
1.20240516
1.20240516
1.20240516
1.20240516
1.20240517
1.20240517
1.20240517
1.20240517
1.20240518
1.20240518
1.20240518
1.20240518
1.20240519
1.20240519
1.20240519
1.20240519
1.20240520
1.20240520
1.20240520
1.20240520
1.20240521
1.20240521
1.20240521
1.20240521
1.20240522
1.20240522
1.20240522
1.20240522
1.20240523
1.20240523
1.20240523
1.20240523
1.20240524
1.20240524
1.20240524
1.20240524
1.20240525
1.20240525
1.20240525
1.20240525
1.20240526
1.20240526
1.20240526
1.20240526
1.20240527
1.20240527
1.20240527
1.20240527
1.20240528
1.20240528
1.20240528
1.20240528
1.20240529
1.20240529
1.20240529
1.20240529
1.20240530
1.20240530
1.20240530
1.20240530
1.20240531
1.20240531
1.20240531
1.20240531
1.20240601
1.20240601
1.20240601
1.20240601
1.20240602
1.20240602
1.20240602
1.20240602
1.20240603
1.20240603
1.20240603
1.20240603
1.20240604
1.20240604
1.20240604
1.20240604
1.20240605
1.20240605
1.20240605
1.20240605
1.20240606
1.20240606
1.20240606
1.20240606
1.20240607
1.20240607
1.20240607
1.20240607
1.20240608
1.20240608
1.20240608
1.20240608
1.20240609
1.20240609
1.20240609
1.20240609
1.20240610
1.20240610
1.20240610
1.20240610
1.20240611
1.20240611
1.20240611
1.20240611
1.20240612
1.20240612
1.20240612
1.20240612
1.20240613
1.20240613
1.20240613
1.20240613
1.20240614
1.20240614
1.20240614
1.20240614
1.20240615
1.20240615
1.20240615
1.20240615
1.20240616
1.20240616
1.20240616
1.20240616
1.20240617
1.20240617
1.20240617
1.20240617
1.20240618
1.20240618
1.20240618
1.20240618
2.20230617
2.20230617
2.20230617
2.20230617
2.20230617.01.00
2.20230617.01.00
2.20230617.01.00
2.20230617.01.00
2.20230618
2.20230618
2.20230618
2.20230618
2.20230618.01.00
2.20230618.01.00
2.20230618.01.00
2.20230618.01.00
2.20230619
2.20230619
2.20230619
2.20230619
2.20230619.01.00
2.20230619.01.00
2.20230619.01.00
2.20230619.01.00
2.20230620
2.20230620
2.20230620
2.20230620
2.20230620.01.00
2.20230620.01.00
2.20230620.01.00
2.20230620.01.00
2.20230621
2.20230621
2.20230621
2.20230621
2.20230621.01.00
2.20230621.01.00
2.20230621.01.00
2.20230621.01.00
2.20230622
2.20230622
2.20230622
2.20230622
2.20230622.01.00
2.20230622.01.00
2.20230622.01.00
2.20230622.01.00
2.20230623
2.20230623
2.20230623
2.20230623
2.20230623.01.00
2.20230623.01.00
2.20230623.01.00
2.20230623.01.00
2.20230624
2.20230624
2.20230624
2.20230624
2.20230624.01.00
2.20230624.01.00
2.20230624.01.00
2.20230624.01.00
2.20230625
2.20230625
2.20230625
2.20230625
2.20230625.01.00
2.20230625.01.00
2.20230625.01.00
2.20230625.01.00
2.20230626
2.20230626
2.20230626
2.20230626
2.20230626.01.00
2.20230626.01.00
2.20230626.01.00
2.20230626.01.00
2.20230627
2.20230627
2.20230627
2.20230627
2.20230627.01.00
2.20230627.01.00
2.20230627.01.00
2.20230627.01.00
2.20230628
2.20230628
2.20230628
2.20230628
2.20230628.01.00
2.20230628.01.00
2.20230628.01.00
2.20230628.01.00
2.20230629
2.20230629
2.20230629
2.20230629
2.20230629.01.00
2.20230629.01.00
2.20230629.01.00
2.20230629.01.00
2.20230630
2.20230630
2.20230630
2.20230630
2.20230630.01.00
2.20230630.01.00
2.20230630.01.00
2.20230630.01.00
2.20230701
2.20230701
2.20230701
2.20230701
2.20230701.01.00
2.20230701.01.00
2.20230701.01.00
2.20230701.01.00
2.20230702
2.20230702
2.20230702
2.20230702
2.20230702.01.00
2.20230702.01.00
2.20230702.01.00
2.20230702.01.00
2.20230703
2.20230703
2.20230703
2.20230703
2.20230703.01.00
2.20230703.01.00
2.20230703.01.00
2.20230703.01.00
2.20230704
2.20230704
2.20230704
2.20230704
2.20230704.01.00
2.20230704.01.00
2.20230704.01.00
2.20230704.01.00
2.20230705
2.20230705
2.20230705
2.20230705
2.20230705.01.00
2.20230705.01.00
2.20230705.01.00
2.20230705.01.00
2.20230706
2.20230706
2.20230706
2.20230706
2.20230706.01.00
2.20230706.01.00
2.20230706.01.00
2.20230706.01.00
2.20230707
2.20230707
2.20230707
2.20230707
2.20230707.01.00
2.20230707.01.00
2.20230707.01.00
2.20230707.01.00
2.20230708
2.20230708
2.20230708
2.20230708
2.20230708.01.00
2.20230708.01.00
2.20230708.01.00
2.20230708.01.00
2.20230709
2.20230709
2.20230709
2.20230709
2.20230709.01.00
2.20230709.01.00
2.20230709.01.00
2.20230709.01.00
2.20230710
2.20230710
2.20230710
2.20230710
2.20230710.01.00
2.20230710.01.00
2.20230710.01.00
2.20230710.01.00
2.20230711
2.20230711
2.20230711
2.20230711
2.20230711.01.00
2.20230711.01.00
2.20230711.01.00
2.20230711.01.00
2.20230712
2.20230712
2.20230712
2.20230712
2.20230712.01.00
2.20230712.01.00
2.20230712.01.00
2.20230712.01.00
2.20230713
2.20230713
2.20230713
2.20230713
2.20230713.01.00
2.20230713.01.00
2.20230713.01.00
2.20230713.01.00
2.20230714
2.20230714
2.20230714
2.20230714
2.20230714.01.00
2.20230714.01.00
2.20230714.01.00
2.20230714.01.00
2.20230715
2.20230715
2.20230715
2.20230715
2.20230715.01.00
2.20230715.01.00
2.20230715.01.00
2.20230715.01.00
2.20230716
2.20230716
2.20230716
2.20230716
2.20230716.01.00
2.20230716.01.00
2.20230716.01.00
2.20230716.01.00
2.20230717
2.20230717
2.20230717
2.20230717
2.20230717.01.00
2.20230717.01.00
2.20230717.01.00
2.20230717.01.00
2.20230718
2.20230718
2.20230718
2.20230718
2.20230718.01.00
2.20230718.01.00
2.20230718.01.00
2.20230718.01.00
2.20230719
2.20230719
2.20230719
2.20230719
2.20230719.01.00
2.20230719.01.00
2.20230719.01.00
2.20230719.01.00
2.20230720
2.20230720
2.20230720
2.20230720
2.20230720.01.00
2.20230720.01.00
2.20230720.01.00
2.20230720.01.00
2.20230721
2.20230721
2.20230721
2.20230721
2.20230721.01.00
2.20230721.01.00
2.20230721.01.00
2.20230721.01.00
2.20230722
2.20230722
2.20230722
2.20230722
2.20230722.01.00
2.20230722.01.00
2.20230722.01.00
2.20230722.01.00
2.20230723
2.20230723
2.20230723
2.20230723
2.20230723.01.00
2.20230723.01.00
2.20230723.01.00
2.20230723.01.00
2.20230724
2.20230724
2.20230724
2.20230724
2.20230724.01.00
2.20230724.01.00
2.20230724.01.00
2.20230724.01.00
2.20230725
2.20230725
2.20230725
2.20230725
2.20230725.01.00
2.20230725.01.00
2.20230725.01.00
2.20230725.01.00
2.20230726
2.20230726
2.20230726
2.20230726
2.20230726.01.00
2.20230726.01.00
2.20230726.01.00
2.20230726.01.00
2.20230727
2.20230727
2.20230727
2.20230727
2.20230727.01.00
2.20230727.01.00
2.20230727.01.00
2.20230727.01.00
2.20230728
2.20230728
2.20230728
2.20230728
2.20230728.01.00
2.20230728.01.00
2.20230728.01.00
2.20230728.01.00
2.20230729
2.20230729
2.20230729
2.20230729
2.20230729.01.00
2.20230729.01.00
2.20230729.01.00
2.20230729.01.00
2.20230730
2.20230730
2.20230730
2.20230730
2.20230730.01.00
2.20230730.01.00
2.20230730.01.00
2.20230730.01.00
2.20230731
2.20230731
2.20230731
2.20230731
2.20230731.01.00
2.20230731.01.00
2.20230731.01.00
2.20230731.01.00
2.20230801
2.20230801
2.20230801
2.20230801
2.20230801.01.00
2.20230801.01.00
2.20230801.01.00
2.20230801.01.00
2.20230802
2.20230802
2.20230802
2.20230802
2.20230802.01.00
2.20230802.01.00
2.20230802.01.00
2.20230802.01.00
2.20230803
2.20230803
2.20230803
2.20230803
2.20230803.01.00
2.20230803.01.00
2.20230803.01.00
2.20230803.01.00
2.20230804
2.20230804
2.20230804
2.20230804
2.20230804.01.00
2.20230804.01.00
2.20230804.01.00
2.20230804.01.00
2.20230805
2.20230805
2.20230805
2.20230805
2.20230805.01.00
2.20230805.01.00
2.20230805.01.00
2.20230805.01.00
2.20230806
2.20230806
2.20230806
2.20230806
2.20230806.01.00
2.20230806.01.00
2.20230806.01.00
2.20230806.01.00
2.20230807
2.20230807
2.20230807
2.20230807
2.20230807.01.00
2.20230807.01.00
2.20230807.01.00
2.20230807.01.00
2.20230808
2.20230808
2.20230808
2.20230808
2.20230808.01.00
2.20230808.01.00
2.20230808.01.00
2.20230808.01.00
2.20230809
2.20230809
2.20230809
2.20230809
2.20230809.01.00
2.20230809.01.00
2.20230809.01.00
2.20230809.01.00
2.20230810
2.20230810
2.20230810
2.20230810
2.20230810.01.00
2.20230810.01.00
2.20230810.01.00
2.20230810.01.00
2.20230811
2.20230811
2.20230811
2.20230811
2.20230811.01.00
2.20230811.01.00
2.20230811.01.00
2.20230811.01.00
2.20230812
2.20230812
2.20230812
2.20230812
2.20230812.01.00
2.20230812.01.00
2.20230812.01.00
2.20230812.01.00
2.20230813
2.20230813
2.20230813
2.20230813
2.20230813.01.00
2.20230813.01.00
2.20230813.01.00
2.20230813.01.00
2.20230814
2.20230814
2.20230814
2.20230814
2.20230814.01.00
2.20230814.01.00
2.20230814.01.00
2.20230814.01.00
2.20230815
2.20230815
2.20230815
2.20230815
2.20230815.01.00
2.20230815.01.00
2.20230815.01.00
2.20230815.01.00
2.20230816
2.20230816
2.20230816
2.20230816
2.20230816.01.00
2.20230816.01.00
2.20230816.01.00
2.20230816.01.00
2.20230817
2.20230817
2.20230817
2.20230817
2.20230817.01.00
2.20230817.01.00
2.20230817.01.00
2.20230817.01.00
2.20230818
2.20230818
2.20230818
2.20230818
2.20230818.01.00
2.20230818.01.00
2.20230818.01.00
2.20230818.01.00
2.20230819
2.20230819
2.20230819
2.20230819
2.20230819.01.00
2.20230819.01.00
2.20230819.01.00
2.20230819.01.00
2.20230820
2.20230820
2.20230820
2.20230820
2.20230820.01.00
2.20230820.01.00
2.20230820.01.00
2.20230820.01.00
2.20230821
2.20230821
2.20230821
2.20230821
2.20230821.01.00
2.20230821.01.00
2.20230821.01.00
2.20230821.01.00
2.20230822
2.20230822
2.20230822
2.20230822
2.20230822.01.00
2.20230822.01.00
2.20230822.01.00
2.20230822.01.00
2.20230823
2.20230823
2.20230823
2.20230823
2.20230823.01.00
2.20230823.01.00
2.20230823.01.00
2.20230823.01.00
2.20230824
2.20230824
2.20230824
2.20230824
2.20230824.01.00
2.20230824.01.00
2.20230824.01.00
2.20230824.01.00
2.20230825
2.20230825
2.20230825
2.20230825
2.20230825.01.00
2.20230825.01.00
2.20230825.01.00
2.20230825.01.00
2.20230826
2.20230826
2.20230826
2.20230826
2.20230826.01.00
2.20230826.01.00
2.20230826.01.00
2.20230826.01.00
2.20230827
2.20230827
2.20230827
2.20230827
2.20230827.01.00
2.20230827.01.00
2.20230827.01.00
2.20230827.01.00
2.20230828
2.20230828
2.20230828
2.20230828
2.20230828.01.00
2.20230828.01.00
2.20230828.01.00
2.20230828.01.00
2.20230829
2.20230829
2.20230829
2.20230829
2.20230829.01.00
2.20230829.01.00
2.20230829.01.00
2.20230829.01.00
2.20230830
2.20230830
2.20230830
2.20230830
2.20230830.01.00
2.20230830.01.00
2.20230830.01.00
2.20230830.01.00
2.20230831
2.20230831
2.20230831
2.20230831
2.20230831.01.00
2.20230831.01.00
2.20230831.01.00
2.20230831.01.00
2.20230901
2.20230901
2.20230901
2.20230901
2.20230901.01.00
2.20230901.01.00
2.20230901.01.00
2.20230901.01.00
2.20230902
2.20230902
2.20230902
2.20230902
2.20230902.01.00
2.20230902.01.00
2.20230902.01.00
2.20230902.01.00
2.20230903
2.20230903
2.20230903
2.20230903
2.20230903.01.00
2.20230903.01.00
2.20230903.01.00
2.20230903.01.00
2.20230904
2.20230904
2.20230904
2.20230904
2.20230904.01.00
2.20230904.01.00
2.20230904.01.00
2.20230904.01.00
2.20230905
2.20230905
2.20230905
2.20230905
2.20230905.01.00
2.20230905.01.00
2.20230905.01.00
2.20230905.01.00
2.20230906
2.20230906
2.20230906
2.20230906
2.20230906.01.00
2.20230906.01.00
2.20230906.01.00
2.20230906.01.00
2.20230907
2.20230907
2.20230907
2.20230907
2.20230907.01.00
2.20230907.01.00
2.20230907.01.00
2.20230907.01.00
2.20230908
2.20230908
2.20230908
2.20230908
2.20230908.01.00
2.20230908.01.00
2.20230908.01.00
2.20230908.01.00
2.20230909
2.20230909
2.20230909
2.20230909
2.20230909.01.00
2.20230909.01.00
2.20230909.01.00
2.20230909.01.00
2.20230910
2.20230910
2.20230910
2.20230910
2.20230910.01.00
2.20230910.01.00
2.20230910.01.00
2.20230910.01.00
2.20230911
2.20230911
2.20230911
2.20230911
2.20230911.01.00
2.20230911.01.00
2.20230911.01.00
2.20230911.01.00
2.20230912
2.20230912
2.20230912
2.20230912
2.20230912.01.00
2.20230912.01.00
2.20230912.01.00
2.20230912.01.00
2.20230913
2.20230913
2.20230913
2.20230913
2.20230913.01.00
2.20230913.01.00
2.20230913.01.00
2.20230913.01.00
2.20230914
2.20230914
2.20230914
2.20230914
2.20230914.01.00
2.20230914.01.00
2.20230914.01.00
2.20230914.01.00
2.20230915
2.20230915
2.20230915
2.20230915
2.20230915.01.00
2.20230915.01.00
2.20230915.01.00
2.20230915.01.00
2.20230916
2.20230916
2.20230916
2.20230916
2.20230916.01.00
2.20230916.01.00
2.20230916.01.00
2.20230916.01.00
2.20230917
2.20230917
2.20230917
2.20230917
2.20230917.01.00
2.20230917.01.00
2.20230917.01.00
2.20230917.01.00
2.20230918
2.20230918
2.20230918
2.20230918
2.20230918.01.00
2.20230918.01.00
2.20230918.01.00
2.20230918.01.00
2.20230919
2.20230919
2.20230919
2.20230919
2.20230919.01.00
2.20230919.01.00
2.20230919.01.00
2.20230919.01.00
2.20230920
2.20230920
2.20230920
2.20230920
2.20230920.01.00
2.20230920.01.00
2.20230920.01.00
2.20230920.01.00
2.20230921
2.20230921
2.20230921
2.20230921
2.20230921.01.00
2.20230921.01.00
2.20230921.01.00
2.20230921.01.00
2.20230922
2.20230922
2.20230922
2.20230922
2.20230922.01.00
2.20230922.01.00
2.20230922.01.00
2.20230922.01.00
2.20230923
2.20230923
2.20230923
2.20230923
2.20230923.01.00
2.20230923.01.00
2.20230923.01.00
2.20230923.01.00
2.20230924
2.20230924
2.20230924
2.20230924
2.20230924.01.00
2.20230924.01.00
2.20230924.01.00
2.20230924.01.00
2.20230925
2.20230925
2.20230925
2.20230925
2.20230925.01.00
2.20230925.01.00
2.20230925.01.00
2.20230925.01.00
2.20230926
2.20230926
2.20230926
2.20230926
2.20230926.01.00
2.20230926.01.00
2.20230926.01.00
2.20230926.01.00
2.20230927
2.20230927
2.20230927
2.20230927
2.20230927.01.00
2.20230927.01.00
2.20230927.01.00
2.20230927.01.00
2.20230928
2.20230928
2.20230928
2.20230928
2.20230928.01.00
2.20230928.01.00
2.20230928.01.00
2.20230928.01.00
2.20230929
2.20230929
2.20230929
2.20230929
2.20230929.01.00
2.20230929.01.00
2.20230929.01.00
2.20230929.01.00
2.20230930
2.20230930
2.20230930
2.20230930
2.20230930.01.00
2.20230930.01.00
2.20230930.01.00
2.20230930.01.00
2.20231001
2.20231001
2.20231001
2.20231001
2.20231001.01.00
2.20231001.01.00
2.20231001.01.00
2.20231001.01.00
2.20231002
2.20231002
2.20231002
2.20231002
2.20231002.01.00
2.20231002.01.00
2.20231002.01.00
2.20231002.01.00
2.20231003
2.20231003
2.20231003
2.20231003
2.20231003.01.00
2.20231003.01.00
2.20231003.01.00
2.20231003.01.00
2.20231004
2.20231004
2.20231004
2.20231004
2.20231004.01.00
2.20231004.01.00
2.20231004.01.00
2.20231004.01.00
2.20231005
2.20231005
2.20231005
2.20231005
2.20231005.01.00
2.20231005.01.00
2.20231005.01.00
2.20231005.01.00
2.20231006
2.20231006
2.20231006
2.20231006
2.20231006.01.00
2.20231006.01.00
2.20231006.01.00
2.20231006.01.00
2.20231007
2.20231007
2.20231007
2.20231007
2.20231007.01.00
2.20231007.01.00
2.20231007.01.00
2.20231007.01.00
2.20231008
2.20231008
2.20231008
2.20231008
2.20231008.01.00
2.20231008.01.00
2.20231008.01.00
2.20231008.01.00
2.20231009
2.20231009
2.20231009
2.20231009
2.20231009.01.00
2.20231009.01.00
2.20231009.01.00
2.20231009.01.00
2.20231010
2.20231010
2.20231010
2.20231010
2.20231010.01.00
2.20231010.01.00
2.20231010.01.00
2.20231010.01.00
2.20231011
2.20231011
2.20231011
2.20231011
2.20231011.01.00
2.20231011.01.00
2.20231011.01.00
2.20231011.01.00
2.20231012
2.20231012
2.20231012
2.20231012
2.20231012.01.00
2.20231012.01.00
2.20231012.01.00
2.20231012.01.00
2.20231013
2.20231013
2.20231013
2.20231013
2.20231013.01.00
2.20231013.01.00
2.20231013.01.00
2.20231013.01.00
2.20231014
2.20231014
2.20231014
2.20231014
2.20231014.01.00
2.20231014.01.00
2.20231014.01.00
2.20231014.01.00
2.20231015
2.20231015
2.20231015
2.20231015
2.20231015.01.00
2.20231015.01.00
2.20231015.01.00
2.20231015.01.00
2.20231016
2.20231016
2.20231016
2.20231016
2.20231016.01.00
2.20231016.01.00
2.20231016.01.00
2.20231016.01.00
2.20231017
2.20231017
2.20231017
2.20231017
2.20231017.01.00
2.20231017.01.00
2.20231017.01.00
2.20231017.01.00
2.20231018
2.20231018
2.20231018
2.20231018
2.20231018.01.00
2.20231018.01.00
2.20231018.01.00
2.20231018.01.00
2.20231019
2.20231019
2.20231019
2.20231019
2.20231019.01.00
2.20231019.01.00
2.20231019.01.00
2.20231019.01.00
2.20231020
2.20231020
2.20231020
2.20231020
2.20231020.01.00
2.20231020.01.00
2.20231020.01.00
2.20231020.01.00
2.20231021
2.20231021
2.20231021
2.20231021
2.20231021.01.00
2.20231021.01.00
2.20231021.01.00
2.20231021.01.00
2.20231022
2.20231022
2.20231022
2.20231022
2.20231022.01.00
2.20231022.01.00
2.20231022.01.00
2.20231022.01.00
2.20231023
2.20231023
2.20231023
2.20231023
2.20231023.01.00
2.20231023.01.00
2.20231023.01.00
2.20231023.01.00
2.20231024
2.20231024
2.20231024
2.20231024
2.20231024.01.00
2.20231024.01.00
2.20231024.01.00
2.20231024.01.00
2.20231025
2.20231025
2.20231025
2.20231025
2.20231025.01.00
2.20231025.01.00
2.20231025.01.00
2.20231025.01.00
2.20231026
2.20231026
2.20231026
2.20231026
2.20231026.01.00
2.20231026.01.00
2.20231026.01.00
2.20231026.01.00
2.20231027
2.20231027
2.20231027
2.20231027
2.20231027.01.00
2.20231027.01.00
2.20231027.01.00
2.20231027.01.00
2.20231028
2.20231028
2.20231028
2.20231028
2.20231028.01.00
2.20231028.01.00
2.20231028.01.00
2.20231028.01.00
2.20231029
2.20231029
2.20231029
2.20231029
2.20231029.01.00
2.20231029.01.00
2.20231029.01.00
2.20231029.01.00
2.20231030
2.20231030
2.20231030
2.20231030
2.20231030.01.00
2.20231030.01.00
2.20231030.01.00
2.20231030.01.00
2.20231031
2.20231031
2.20231031
2.20231031
2.20231031.01.00
2.20231031.01.00
2.20231031.01.00
2.20231031.01.00
2.20231101
2.20231101
2.20231101
2.20231101
2.20231101.01.00
2.20231101.01.00
2.20231101.01.00
2.20231101.01.00
2.20231102
2.20231102
2.20231102
2.20231102
2.20231102.01.00
2.20231102.01.00
2.20231102.01.00
2.20231102.01.00
2.20231103
2.20231103
2.20231103
2.20231103
2.20231103.01.00
2.20231103.01.00
2.20231103.01.00
2.20231103.01.00
2.20231104
2.20231104
2.20231104
2.20231104
2.20231104.01.00
2.20231104.01.00
2.20231104.01.00
2.20231104.01.00
2.20231105
2.20231105
2.20231105
2.20231105
2.20231105.01.00
2.20231105.01.00
2.20231105.01.00
2.20231105.01.00
2.20231106
2.20231106
2.20231106
2.20231106
2.20231106.01.00
2.20231106.01.00
2.20231106.01.00
2.20231106.01.00
2.20231107
2.20231107
2.20231107
2.20231107
2.20231107.01.00
2.20231107.01.00
2.20231107.01.00
2.20231107.01.00
2.20231108
2.20231108
2.20231108
2.20231108
2.20231108.01.00
2.20231108.01.00
2.20231108.01.00
2.20231108.01.00
2.20231109
2.20231109
2.20231109
2.20231109
2.20231109.01.00
2.20231109.01.00
2.20231109.01.00
2.20231109.01.00
2.20231110
2.20231110
2.20231110
2.20231110
2.20231110.01.00
2.20231110.01.00
2.20231110.01.00
2.20231110.01.00
2.20231111
2.20231111
2.20231111
2.20231111
2.20231111.01.00
2.20231111.01.00
2.20231111.01.00
2.20231111.01.00
2.20231112
2.20231112
2.20231112
2.20231112
2.20231112.01.00
2.20231112.01.00
2.20231112.01.00
2.20231112.01.00
2.20231113
2.20231113
2.20231113
2.20231113
2.20231113.01.00
2.20231113.01.00
2.20231113.01.00
2.20231113.01.00
2.20231114
2.20231114
2.20231114
2.20231114
2.20231114.01.00
2.20231114.01.00
2.20231114.01.00
2.20231114.01.00
2.20231115
2.20231115
2.20231115
2.20231115
2.20231115.01.00
2.20231115.01.00
2.20231115.01.00
2.20231115.01.00
2.20231116
2.20231116
2.20231116
2.20231116
2.20231116.01.00
2.20231116.01.00
2.20231116.01.00
2.20231116.01.00
2.20231117
2.20231117
2.20231117
2.20231117
2.20231117.01.00
2.20231117.01.00
2.20231117.01.00
2.20231117.01.00
2.20231118
2.20231118
2.20231118
2.20231118
2.20231118.01.00
2.20231118.01.00
2.20231118.01.00
2.20231118.01.00
2.20231119
2.20231119
2.20231119
2.20231119
2.20231119.01.00
2.20231119.01.00
2.20231119.01.00
2.20231119.01.00
2.20231120
2.20231120
2.20231120
2.20231120
2.20231120.01.00
2.20231120.01.00
2.20231120.01.00
2.20231120.01.00
2.20231121
2.20231121
2.20231121
2.20231121
2.20231121.01.00
2.20231121.01.00
2.20231121.01.00
2.20231121.01.00
2.20231122
2.20231122
2.20231122
2.20231122
2.20231122.01.00
2.20231122.01.00
2.20231122.01.00
2.20231122.01.00
2.20231123
2.20231123
2.20231123
2.20231123
2.20231123.01.00
2.20231123.01.00
2.20231123.01.00
2.20231123.01.00
2.20231124
2.20231124
2.20231124
2.20231124
2.20231124.01.00
2.20231124.01.00
2.20231124.01.00
2.20231124.01.00
2.20231125
2.20231125
2.20231125
2.20231125
2.20231125.01.00
2.20231125.01.00
2.20231125.01.00
2.20231125.01.00
2.20231126
2.20231126
2.20231126
2.20231126
2.20231126.01.00
2.20231126.01.00
2.20231126.01.00
2.20231126.01.00
2.20231127
2.20231127
2.20231127
2.20231127
2.20231127.01.00
2.20231127.01.00
2.20231127.01.00
2.20231127.01.00
2.20231128
2.20231128
2.20231128
2.20231128
2.20231128.01.00
2.20231128.01.00
2.20231128.01.00
2.20231128.01.00
2.20231129
2.20231129
2.20231129
2.20231129
2.20231129.01.00
2.20231129.01.00
2.20231129.01.00
2.20231129.01.00
2.20231130
2.20231130
2.20231130
2.20231130
2.20231130.01.00
2.20231130.01.00
2.20231130.01.00
2.20231130.01.00
2.20231201
2.20231201
2.20231201
2.20231201
2.20231201.01.00
2.20231201.01.00
2.20231201.01.00
2.20231201.01.00
2.20231202
2.20231202
2.20231202
2.20231202
2.20231202.01.00
2.20231202.01.00
2.20231202.01.00
2.20231202.01.00
2.20231203
2.20231203
2.20231203
2.20231203
2.20231203.01.00
2.20231203.01.00
2.20231203.01.00
2.20231203.01.00
2.20231204
2.20231204
2.20231204
2.20231204
2.20231204.01.00
2.20231204.01.00
2.20231204.01.00
2.20231204.01.00
2.20231205
2.20231205
2.20231205
2.20231205
2.20231205.01.00
2.20231205.01.00
2.20231205.01.00
2.20231205.01.00
2.20231206
2.20231206
2.20231206
2.20231206
2.20231206.01.00
2.20231206.01.00
2.20231206.01.00
2.20231206.01.00
2.20231207
2.20231207
2.20231207
2.20231207
2.20231207.01.00
2.20231207.01.00
2.20231207.01.00
2.20231207.01.00
2.20231208
2.20231208
2.20231208
2.20231208
2.20231208.01.00
2.20231208.01.00
2.20231208.01.00
2.20231208.01.00
2.20231209
2.20231209
2.20231209
2.20231209
2.20231209.01.00
2.20231209.01.00
2.20231209.01.00
2.20231209.01.00
2.20231210
2.20231210
2.20231210
2.20231210
2.20231210.01.00
2.20231210.01.00
2.20231210.01.00
2.20231210.01.00
2.20231211
2.20231211
2.20231211
2.20231211
2.20231211.01.00
2.20231211.01.00
2.20231211.01.00
2.20231211.01.00
2.20231212
2.20231212
2.20231212
2.20231212
2.20231212.01.00
2.20231212.01.00
2.20231212.01.00
2.20231212.01.00
2.20231213
2.20231213
2.20231213
2.20231213
2.20231213.01.00
2.20231213.01.00
2.20231213.01.00
2.20231213.01.00
2.20231214
2.20231214
2.20231214
2.20231214
2.20231214.01.00
2.20231214.01.00
2.20231214.01.00
2.20231214.01.00
2.20231215
2.20231215
2.20231215
2.20231215
2.20231215.01.00
2.20231215.01.00
2.20231215.01.00
2.20231215.01.00
2.20231216
2.20231216
2.20231216
2.20231216
2.20231216.01.00
2.20231216.01.00
2.20231216.01.00
2.20231216.01.00
2.20231217
2.20231217
2.20231217
2.20231217
2.20231217.01.00
2.20231217.01.00
2.20231217.01.00
2.20231217.01.00
2.20231218
2.20231218
2.20231218
2.20231218
2.20231218.01.00
2.20231218.01.00
2.20231218.01.00
2.20231218.01.00
2.20231219
2.20231219
2.20231219
2.20231219
2.20231219.01.00
2.20231219.01.00
2.20231219.01.00
2.20231219.01.00
2.20231220
2.20231220
2.20231220
2.20231220
2.20231220.01.00
2.20231220.01.00
2.20231220.01.00
2.20231220.01.00
2.20231221
2.20231221
2.20231221
2.20231221
2.20231221.01.00
2.20231221.01.00
2.20231221.01.00
2.20231221.01.00
2.20231222
2.20231222
2.20231222
2.20231222
2.20231222.01.00
2.20231222.01.00
2.20231222.01.00
2.20231222.01.00
2.20231223
2.20231223
2.20231223
2.20231223
2.20231223.01.00
2.20231223.01.00
2.20231223.01.00
2.20231223.01.00
2.20231224
2.20231224
2.20231224
2.20231224
2.20231224.01.00
2.20231224.01.00
2.20231224.01.00
2.20231224.01.00
2.20231225
2.20231225
2.20231225
2.20231225
2.20231225.01.00
2.20231225.01.00
2.20231225.01.00
2.20231225.01.00
2.20231226
2.20231226
2.20231226
2.20231226
2.20231226.01.00
2.20231226.01.00
2.20231226.01.00
2.20231226.01.00
2.20231227
2.20231227
2.20231227
2.20231227
2.20231227.01.00
2.20231227.01.00
2.20231227.01.00
2.20231227.01.00
2.20231228
2.20231228
2.20231228
2.20231228
2.20231228.01.00
2.20231228.01.00
2.20231228.01.00
2.20231228.01.00
2.20231229
2.20231229
2.20231229
2.20231229
2.20231229.01.00
2.20231229.01.00
2.20231229.01.00
2.20231229.01.00
2.20231230
2.20231230
2.20231230
2.20231230
2.20231230.01.00
2.20231230.01.00
2.20231230.01.00
2.20231230.01.00
2.20231231
2.20231231
2.20231231
2.20231231
2.20231231.01.00
2.20231231.01.00
2.20231231.01.00
2.20231231.01.00
2.20240101
2.20240101
2.20240101
2.20240101
2.20240101.01.00
2.20240101.01.00
2.20240101.01.00
2.20240101.01.00
2.20240102
2.20240102
2.20240102
2.20240102
2.20240102.01.00
2.20240102.01.00
2.20240102.01.00
2.20240102.01.00
2.20240103
2.20240103
2.20240103
2.20240103
2.20240103.01.00
2.20240103.01.00
2.20240103.01.00
2.20240103.01.00
2.20240104
2.20240104
2.20240104
2.20240104
2.20240104.01.00
2.20240104.01.00
2.20240104.01.00
2.20240104.01.00
2.20240105
2.20240105
2.20240105
2.20240105
2.20240105.01.00
2.20240105.01.00
2.20240105.01.00
2.20240105.01.00
2.20240106
2.20240106
2.20240106
2.20240106
2.20240106.01.00
2.20240106.01.00
2.20240106.01.00
2.20240106.01.00
2.20240107
2.20240107
2.20240107
2.20240107
2.20240107.01.00
2.20240107.01.00
2.20240107.01.00
2.20240107.01.00
2.20240108
2.20240108
2.20240108
2.20240108
2.20240108.01.00
2.20240108.01.00
2.20240108.01.00
2.20240108.01.00
2.20240109
2.20240109
2.20240109
2.20240109
2.20240109.01.00
2.20240109.01.00
2.20240109.01.00
2.20240109.01.00
2.20240110
2.20240110
2.20240110
2.20240110
2.20240110.01.00
2.20240110.01.00
2.20240110.01.00
2.20240110.01.00
2.20240111
2.20240111
2.20240111
2.20240111
2.20240111.01.00
2.20240111.01.00
2.20240111.01.00
2.20240111.01.00
2.20240112
2.20240112
2.20240112
2.20240112
2.20240112.01.00
2.20240112.01.00
2.20240112.01.00
2.20240112.01.00
2.20240113
2.20240113
2.20240113
2.20240113
2.20240113.01.00
2.20240113.01.00
2.20240113.01.00
2.20240113.01.00
2.20240114
2.20240114
2.20240114
2.20240114
2.20240114.01.00
2.20240114.01.00
2.20240114.01.00
2.20240114.01.00
2.20240115
2.20240115
2.20240115
2.20240115
2.20240115.01.00
2.20240115.01.00
2.20240115.01.00
2.20240115.01.00
2.20240116
2.20240116
2.20240116
2.20240116
2.20240116.01.00
2.20240116.01.00
2.20240116.01.00
2.20240116.01.00
2.20240117
2.20240117
2.20240117
2.20240117
2.20240117.01.00
2.20240117.01.00
2.20240117.01.00
2.20240117.01.00
2.20240118
2.20240118
2.20240118
2.20240118
2.20240118.01.00
2.20240118.01.00
2.20240118.01.00
2.20240118.01.00
2.20240119
2.20240119
2.20240119
2.20240119
2.20240119.01.00
2.20240119.01.00
2.20240119.01.00
2.20240119.01.00
2.20240120
2.20240120
2.20240120
2.20240120
2.20240120.01.00
2.20240120.01.00
2.20240120.01.00
2.20240120.01.00
2.20240121
2.20240121
2.20240121
2.20240121
2.20240121.01.00
2.20240121.01.00
2.20240121.01.00
2.20240121.01.00
2.20240122
2.20240122
2.20240122
2.20240122
2.20240122.01.00
2.20240122.01.00
2.20240122.01.00
2.20240122.01.00
2.20240123
2.20240123
2.20240123
2.20240123
2.20240123.01.00
2.20240123.01.00
2.20240123.01.00
2.20240123.01.00
2.20240124
2.20240124
2.20240124
2.20240124
2.20240124.01.00
2.20240124.01.00
2.20240124.01.00
2.20240124.01.00
2.20240125
2.20240125
2.20240125
2.20240125
2.20240125.01.00
2.20240125.01.00
2.20240125.01.00
2.20240125.01.00
2.20240126
2.20240126
2.20240126
2.20240126
2.20240126.01.00
2.20240126.01.00
2.20240126.01.00
2.20240126.01.00
2.20240127
2.20240127
2.20240127
2.20240127
2.20240127.01.00
2.20240127.01.00
2.20240127.01.00
2.20240127.01.00
2.20240128
2.20240128
2.20240128
2.20240128
2.20240128.01.00
2.20240128.01.00
2.20240128.01.00
2.20240128.01.00
2.20240129
2.20240129
2.20240129
2.20240129
2.20240129.01.00
2.20240129.01.00
2.20240129.01.00
2.20240129.01.00
2.20240130
2.20240130
2.20240130
2.20240130
2.20240130.01.00
2.20240130.01.00
2.20240130.01.00
2.20240130.01.00
2.20240131
2.20240131
2.20240131
2.20240131
2.20240131.01.00
2.20240131.01.00
2.20240131.01.00
2.20240131.01.00
2.20240201
2.20240201
2.20240201
2.20240201
2.20240201.01.00
2.20240201.01.00
2.20240201.01.00
2.20240201.01.00
2.20240202
2.20240202
2.20240202
2.20240202
2.20240202.01.00
2.20240202.01.00
2.20240202.01.00
2.20240202.01.00
2.20240203
2.20240203
2.20240203
2.20240203
2.20240203.01.00
2.20240203.01.00
2.20240203.01.00
2.20240203.01.00
2.20240204
2.20240204
2.20240204
2.20240204
2.20240204.01.00
2.20240204.01.00
2.20240204.01.00
2.20240204.01.00
2.20240205
2.20240205
2.20240205
2.20240205
2.20240205.01.00
2.20240205.01.00
2.20240205.01.00
2.20240205.01.00
2.20240206
2.20240206
2.20240206
2.20240206
2.20240206.01.00
2.20240206.01.00
2.20240206.01.00
2.20240206.01.00
2.20240207
2.20240207
2.20240207
2.20240207
2.20240207.01.00
2.20240207.01.00
2.20240207.01.00
2.20240207.01.00
2.20240208
2.20240208
2.20240208
2.20240208
2.20240208.01.00
2.20240208.01.00
2.20240208.01.00
2.20240208.01.00
2.20240209
2.20240209
2.20240209
2.20240209
2.20240209.01.00
2.20240209.01.00
2.20240209.01.00
2.20240209.01.00
2.20240210
2.20240210
2.20240210
2.20240210
2.20240210.01.00
2.20240210.01.00
2.20240210.01.00
2.20240210.01.00
2.20240211
2.20240211
2.20240211
2.20240211
2.20240211.01.00
2.20240211.01.00
2.20240211.01.00
2.20240211.01.00
2.20240212
2.20240212
2.20240212
2.20240212
2.20240212.01.00
2.20240212.01.00
2.20240212.01.00
2.20240212.01.00
2.20240213
2.20240213
2.20240213
2.20240213
2.20240213.01.00
2.20240213.01.00
2.20240213.01.00
2.20240213.01.00
2.20240214
2.20240214
2.20240214
2.20240214
2.20240214.01.00
2.20240214.01.00
2.20240214.01.00
2.20240214.01.00
2.20240215
2.20240215
2.20240215
2.20240215
2.20240215.01.00
2.20240215.01.00
2.20240215.01.00
2.20240215.01.00
2.20240216
2.20240216
2.20240216
2.20240216
2.20240216.01.00
2.20240216.01.00
2.20240216.01.00
2.20240216.01.00
2.20240217
2.20240217
2.20240217
2.20240217
2.20240217.01.00
2.20240217.01.00
2.20240217.01.00
2.20240217.01.00
2.20240218
2.20240218
2.20240218
2.20240218
2.20240218.01.00
2.20240218.01.00
2.20240218.01.00
2.20240218.01.00
2.20240219
2.20240219
2.20240219
2.20240219
2.20240219.01.00
2.20240219.01.00
2.20240219.01.00
2.20240219.01.00
2.20240220
2.20240220
2.20240220
2.20240220
2.20240220.01.00
2.20240220.01.00
2.20240220.01.00
2.20240220.01.00
2.20240221
2.20240221
2.20240221
2.20240221
2.20240221.01.00
2.20240221.01.00
2.20240221.01.00
2.20240221.01.00
2.20240222
2.20240222
2.20240222
2.20240222
2.20240222.01.00
2.20240222.01.00
2.20240222.01.00
2.20240222.01.00
2.20240223
2.20240223
2.20240223
2.20240223
2.20240223.01.00
2.20240223.01.00
2.20240223.01.00
2.20240223.01.00
2.20240224
2.20240224
2.20240224
2.20240224
2.20240224.01.00
2.20240224.01.00
2.20240224.01.00
2.20240224.01.00
2.20240225
2.20240225
2.20240225
2.20240225
2.20240225.01.00
2.20240225.01.00
2.20240225.01.00
2.20240225.01.00
2.20240226
2.20240226
2.20240226
2.20240226
2.20240226.01.00
2.20240226.01.00
2.20240226.01.00
2.20240226.01.00
2.20240227
2.20240227
2.20240227
2.20240227
2.20240227.01.00
2.20240227.01.00
2.20240227.01.00
2.20240227.01.00
2.20240228
2.20240228
2.20240228
2.20240228
2.20240228.01.00
2.20240228.01.00
2.20240228.01.00
2.20240228.01.00
2.20240229
2.20240229
2.20240229
2.20240229
2.20240229.01.00
2.20240229.01.00
2.20240229.01.00
2.20240229.01.00
2.20240301
2.20240301
2.20240301
2.20240301
2.20240301.01.00
2.20240301.01.00
2.20240301.01.00
2.20240301.01.00
2.20240302
2.20240302
2.20240302
2.20240302
2.20240302.01.00
2.20240302.01.00
2.20240302.01.00
2.20240302.01.00
2.20240303
2.20240303
2.20240303
2.20240303
2.20240303.01.00
2.20240303.01.00
2.20240303.01.00
2.20240303.01.00
2.20240304
2.20240304
2.20240304
2.20240304
2.20240304.01.00
2.20240304.01.00
2.20240304.01.00
2.20240304.01.00
2.20240305
2.20240305
2.20240305
2.20240305
2.20240305.01.00
2.20240305.01.00
2.20240305.01.00
2.20240305.01.00
2.20240306
2.20240306
2.20240306
2.20240306
2.20240306.01.00
2.20240306.01.00
2.20240306.01.00
2.20240306.01.00
2.20240307
2.20240307
2.20240307
2.20240307
2.20240307.01.00
2.20240307.01.00
2.20240307.01.00
2.20240307.01.00
2.20240308
2.20240308
2.20240308
2.20240308
2.20240308.01.00
2.20240308.01.00
2.20240308.01.00
2.20240308.01.00
2.20240309
2.20240309
2.20240309
2.20240309
2.20240309.01.00
2.20240309.01.00
2.20240309.01.00
2.20240309.01.00
2.20240310
2.20240310
2.20240310
2.20240310
2.20240310.01.00
2.20240310.01.00
2.20240310.01.00
2.20240310.01.00
2.20240311
2.20240311
2.20240311
2.20240311
2.20240311.01.00
2.20240311.01.00
2.20240311.01.00
2.20240311.01.00
2.20240312
2.20240312
2.20240312
2.20240312
2.20240312.01.00
2.20240312.01.00
2.20240312.01.00
2.20240312.01.00
2.20240313
2.20240313
2.20240313
2.20240313
2.20240313.01.00
2.20240313.01.00
2.20240313.01.00
2.20240313.01.00
2.20240314
2.20240314
2.20240314
2.20240314
2.20240314.01.00
2.20240314.01.00
2.20240314.01.00
2.20240314.01.00
2.20240315
2.20240315
2.20240315
2.20240315
2.20240315.01.00
2.20240315.01.00
2.20240315.01.00
2.20240315.01.00
2.20240316
2.20240316
2.20240316
2.20240316
2.20240316.01.00
2.20240316.01.00
2.20240316.01.00
2.20240316.01.00
2.20240317
2.20240317
2.20240317
2.20240317
2.20240317.01.00
2.20240317.01.00
2.20240317.01.00
2.20240317.01.00
2.20240318
2.20240318
2.20240318
2.20240318
2.20240318.01.00
2.20240318.01.00
2.20240318.01.00
2.20240318.01.00
2.20240319
2.20240319
2.20240319
2.20240319
2.20240319.01.00
2.20240319.01.00
2.20240319.01.00
2.20240319.01.00
2.20240320
2.20240320
2.20240320
2.20240320
2.20240320.01.00
2.20240320.01.00
2.20240320.01.00
2.20240320.01.00
2.20240321
2.20240321
2.20240321
2.20240321
2.20240321.01.00
2.20240321.01.00
2.20240321.01.00
2.20240321.01.00
2.20240322
2.20240322
2.20240322
2.20240322
2.20240322.01.00
2.20240322.01.00
2.20240322.01.00
2.20240322.01.00
2.20240323
2.20240323
2.20240323
2.20240323
2.20240323.01.00
2.20240323.01.00
2.20240323.01.00
2.20240323.01.00
2.20240324
2.20240324
2.20240324
2.20240324
2.20240324.01.00
2.20240324.01.00
2.20240324.01.00
2.20240324.01.00
2.20240325
2.20240325
2.20240325
2.20240325
2.20240325.01.00
2.20240325.01.00
2.20240325.01.00
2.20240325.01.00
2.20240326
2.20240326
2.20240326
2.20240326
2.20240326.01.00
2.20240326.01.00
2.20240326.01.00
2.20240326.01.00
2.20240327
2.20240327
2.20240327
2.20240327
2.20240327.01.00
2.20240327.01.00
2.20240327.01.00
2.20240327.01.00
2.20240328
2.20240328
2.20240328
2.20240328
2.20240328.01.00
2.20240328.01.00
2.20240328.01.00
2.20240328.01.00
2.20240329
2.20240329
2.20240329
2.20240329
2.20240329.01.00
2.20240329.01.00
2.20240329.01.00
2.20240329.01.00
2.20240330
2.20240330
2.20240330
2.20240330
2.20240330.01.00
2.20240330.01.00
2.20240330.01.00
2.20240330.01.00
2.20240331
2.20240331
2.20240331
2.20240331
2.20240331.01.00
2.20240331.01.00
2.20240331.01.00
2.20240331.01.00
2.20240401
2.20240401
2.20240401
2.20240401
2.20240401.01.00
2.20240401.01.00
2.20240401.01.00
2.20240401.01.00
2.20240402
2.20240402
2.20240402
2.20240402
2.20240402.01.00
2.20240402.01.00
2.20240402.01.00
2.20240402.01.00
2.20240403
2.20240403
2.20240403
2.20240403
2.20240403.01.00
2.20240403.01.00
2.20240403.01.00
2.20240403.01.00
2.20240404
2.20240404
2.20240404
2.20240404
2.20240404.01.00
2.20240404.01.00
2.20240404.01.00
2.20240404.01.00
2.20240405
2.20240405
2.20240405
2.20240405
2.20240405.01.00
2.20240405.01.00
2.20240405.01.00
2.20240405.01.00
2.20240406
2.20240406
2.20240406
2.20240406
2.20240406.01.00
2.20240406.01.00
2.20240406.01.00
2.20240406.01.00
2.20240407
2.20240407
2.20240407
2.20240407
2.20240407.01.00
2.20240407.01.00
2.20240407.01.00
2.20240407.01.00
2.20240408
2.20240408
2.20240408
2.20240408
2.20240408.01.00
2.20240408.01.00
2.20240408.01.00
2.20240408.01.00
2.20240409
2.20240409
2.20240409
2.20240409
2.20240409.01.00
2.20240409.01.00
2.20240409.01.00
2.20240409.01.00
2.20240410
2.20240410
2.20240410
2.20240410
2.20240410.01.00
2.20240410.01.00
2.20240410.01.00
2.20240410.01.00
2.20240411
2.20240411
2.20240411
2.20240411
2.20240411.01.00
2.20240411.01.00
2.20240411.01.00
2.20240411.01.00
2.20240412
2.20240412
2.20240412
2.20240412
2.20240412.01.00
2.20240412.01.00
2.20240412.01.00
2.20240412.01.00
2.20240413
2.20240413
2.20240413
2.20240413
2.20240413.01.00
2.20240413.01.00
2.20240413.01.00
2.20240413.01.00
2.20240414
2.20240414
2.20240414
2.20240414
2.20240414.01.00
2.20240414.01.00
2.20240414.01.00
2.20240414.01.00
2.20240415
2.20240415
2.20240415
2.20240415
2.20240415.01.00
2.20240415.01.00
2.20240415.01.00
2.20240415.01.00
2.20240416
2.20240416
2.20240416
2.20240416
2.20240416.01.00
2.20240416.01.00
2.20240416.01.00
2.20240416.01.00
2.20240417
2.20240417
2.20240417
2.20240417
2.20240417.01.00
2.20240417.01.00
2.20240417.01.00
2.20240417.01.00
2.20240418
2.20240418
2.20240418
2.20240418
2.20240418.01.00
2.20240418.01.00
2.20240418.01.00
2.20240418.01.00
2.20240419
2.20240419
2.20240419
2.20240419
2.20240419.01.00
2.20240419.01.00
2.20240419.01.00
2.20240419.01.00
2.20240420
2.20240420
2.20240420
2.20240420
2.20240420.01.00
2.20240420.01.00
2.20240420.01.00
2.20240420.01.00
2.20240421
2.20240421
2.20240421
2.20240421
2.20240421.01.00
2.20240421.01.00
2.20240421.01.00
2.20240421.01.00
2.20240422
2.20240422
2.20240422
2.20240422
2.20240422.01.00
2.20240422.01.00
2.20240422.01.00
2.20240422.01.00
2.20240423
2.20240423
2.20240423
2.20240423
2.20240423.01.00
2.20240423.01.00
2.20240423.01.00
2.20240423.01.00
2.20240424
2.20240424
2.20240424
2.20240424
2.20240424.01.00
2.20240424.01.00
2.20240424.01.00
2.20240424.01.00
2.20240425
2.20240425
2.20240425
2.20240425
2.20240425.01.00
2.20240425.01.00
2.20240425.01.00
2.20240425.01.00
2.20240426
2.20240426
2.20240426
2.20240426
2.20240426.01.00
2.20240426.01.00
2.20240426.01.00
2.20240426.01.00
2.20240427
2.20240427
2.20240427
2.20240427
2.20240427.01.00
2.20240427.01.00
2.20240427.01.00
2.20240427.01.00
2.20240428
2.20240428
2.20240428
2.20240428
2.20240428.01.00
2.20240428.01.00
2.20240428.01.00
2.20240428.01.00
2.20240429
2.20240429
2.20240429
2.20240429
2.20240429.01.00
2.20240429.01.00
2.20240429.01.00
2.20240429.01.00
2.20240430
2.20240430
2.20240430
2.20240430
2.20240430.01.00
2.20240430.01.00
2.20240430.01.00
2.20240430.01.00
2.20240501
2.20240501
2.20240501
2.20240501
2.20240501.01.00
2.20240501.01.00
2.20240501.01.00
2.20240501.01.00
2.20240502
2.20240502
2.20240502
2.20240502
2.20240502.01.00
2.20240502.01.00
2.20240502.01.00
2.20240502.01.00
2.20240503
2.20240503
2.20240503
2.20240503
2.20240503.01.00
2.20240503.01.00
2.20240503.01.00
2.20240503.01.00
2.20240504
2.20240504
2.20240504
2.20240504
2.20240504.01.00
2.20240504.01.00
2.20240504.01.00
2.20240504.01.00
2.20240505
2.20240505
2.20240505
2.20240505
2.20240505.01.00
2.20240505.01.00
2.20240505.01.00
2.20240505.01.00
2.20240506
2.20240506
2.20240506
2.20240506
2.20240506.01.00
2.20240506.01.00
2.20240506.01.00
2.20240506.01.00
2.20240507
2.20240507
2.20240507
2.20240507
2.20240507.01.00
2.20240507.01.00
2.20240507.01.00
2.20240507.01.00
2.20240508
2.20240508
2.20240508
2.20240508
2.20240508.01.00
2.20240508.01.00
2.20240508.01.00
2.20240508.01.00
2.20240509
2.20240509
2.20240509
2.20240509
2.20240509.01.00
2.20240509.01.00
2.20240509.01.00
2.20240509.01.00
2.20240510
2.20240510
2.20240510
2.20240510
2.20240510.01.00
2.20240510.01.00
2.20240510.01.00
2.20240510.01.00
2.20240511
2.20240511
2.20240511
2.20240511
2.20240511.01.00
2.20240511.01.00
2.20240511.01.00
2.20240511.01.00
2.20240512
2.20240512
2.20240512
2.20240512
2.20240512.01.00
2.20240512.01.00
2.20240512.01.00
2.20240512.01.00
2.20240513
2.20240513
2.20240513
2.20240513
2.20240513.01.00
2.20240513.01.00
2.20240513.01.00
2.20240513.01.00
2.20240514
2.20240514
2.20240514
2.20240514
2.20240514.01.00
2.20240514.01.00
2.20240514.01.00
2.20240514.01.00
2.20240515
2.20240515
2.20240515
2.20240515
2.20240515.01.00
2.20240515.01.00
2.20240515.01.00
2.20240515.01.00
2.20240516
2.20240516
2.20240516
2.20240516
2.20240516.01.00
2.20240516.01.00
2.20240516.01.00
2.20240516.01.00
2.20240517
2.20240517
2.20240517
2.20240517
2.20240517.01.00
2.20240517.01.00
2.20240517.01.00
2.20240517.01.00
2.20240518
2.20240518
2.20240518
2.20240518
2.20240518.01.00
2.20240518.01.00
2.20240518.01.00
2.20240518.01.00
2.20240519
2.20240519
2.20240519
2.20240519
2.20240519.01.00
2.20240519.01.00
2.20240519.01.00
2.20240519.01.00
2.20240520
2.20240520
2.20240520
2.20240520
2.20240520.01.00
2.20240520.01.00
2.20240520.01.00
2.20240520.01.00
2.20240521
2.20240521
2.20240521
2.20240521
2.20240521.01.00
2.20240521.01.00
2.20240521.01.00
2.20240521.01.00
2.20240522
2.20240522
2.20240522
2.20240522
2.20240522.01.00
2.20240522.01.00
2.20240522.01.00
2.20240522.01.00
2.20240523
2.20240523
2.20240523
2.20240523
2.20240523.01.00
2.20240523.01.00
2.20240523.01.00
2.20240523.01.00
2.20240524
2.20240524
2.20240524
2.20240524
2.20240524.01.00
2.20240524.01.00
2.20240524.01.00
2.20240524.01.00
2.20240525
2.20240525
2.20240525
2.20240525
2.20240525.01.00
2.20240525.01.00
2.20240525.01.00
2.20240525.01.00
2.20240526
2.20240526
2.20240526
2.20240526
2.20240526.01.00
2.20240526.01.00
2.20240526.01.00
2.20240526.01.00
2.20240527
2.20240527
2.20240527
2.20240527
2.20240527.01.00
2.20240527.01.00
2.20240527.01.00
2.20240527.01.00
2.20240528
2.20240528
2.20240528
2.20240528
2.20240528.01.00
2.20240528.01.00
2.20240528.01.00
2.20240528.01.00
2.20240529
2.20240529
2.20240529
2.20240529
2.20240529.01.00
2.20240529.01.00
2.20240529.01.00
2.20240529.01.00
2.20240530
2.20240530
2.20240530
2.20240530
2.20240530.01.00
2.20240530.01.00
2.20240530.01.00
2.20240530.01.00
2.20240531
2.20240531
2.20240531
2.20240531
2.20240531.01.00
2.20240531.01.00
2.20240531.01.00
2.20240531.01.00
2.20240601
2.20240601
2.20240601
2.20240601
2.20240601.01.00
2.20240601.01.00
2.20240601.01.00
2.20240601.01.00
2.20240602
2.20240602
2.20240602
2.20240602
2.20240602.01.00
2.20240602.01.00
2.20240602.01.00
2.20240602.01.00
2.20240603
2.20240603
2.20240603
2.20240603
2.20240603.01.00
2.20240603.01.00
2.20240603.01.00
2.20240603.01.00
2.20240604
2.20240604
2.20240604
2.20240604
2.20240604.01.00
2.20240604.01.00
2.20240604.01.00
2.20240604.01.00
2.20240605
2.20240605
2.20240605
2.20240605
2.20240605.01.00
2.20240605.01.00
2.20240605.01.00
2.20240605.01.00
2.20240606
2.20240606
2.20240606
2.20240606
2.20240606.01.00
2.20240606.01.00
2.20240606.01.00
2.20240606.01.00
2.20240607
2.20240607
2.20240607
2.20240607
2.20240607.01.00
2.20240607.01.00
2.20240607.01.00
2.20240607.01.00
2.20240608
2.20240608
2.20240608
2.20240608
2.20240608.01.00
2.20240608.01.00
2.20240608.01.00
2.20240608.01.00
2.20240609
2.20240609
2.20240609
2.20240609
2.20240609.01.00
2.20240609.01.00
2.20240609.01.00
2.20240609.01.00
2.20240610
2.20240610
2.20240610
2.20240610
2.20240610.01.00
2.20240610.01.00
2.20240610.01.00
2.20240610.01.00
2.20240611
2.20240611
2.20240611
2.20240611
2.20240611.01.00
2.20240611.01.00
2.20240611.01.00
2.20240611.01.00
2.20240612
2.20240612
2.20240612
2.20240612
2.20240612.01.00
2.20240612.01.00
2.20240612.01.00
2.20240612.01.00
2.20240613
2.20240613
2.20240613
2.20240613
2.20240613.01.00
2.20240613.01.00
2.20240613.01.00
2.20240613.01.00
2.20240614
2.20240614
2.20240614
2.20240614
2.20240614.01.00
2.20240614.01.00
2.20240614.01.00
2.20240614.01.00
2.20240615
2.20240615
2.20240615
2.20240615
2.20240615.01.00
2.20240615.01.00
2.20240615.01.00
2.20240615.01.00
2.20240616
2.20240616
2.20240616
2.20240616
2.20240616.01.00
2.20240616.01.00
2.20240616.01.00
2.20240616.01.00
2.20240617
2.20240617
2.20240617
2.20240617
2.20240617.01.00
2.20240617.01.00
2.20240617.01.00
2.20240617.01.00
2.20240618
2.20240618
2.20240618
2.20240618
2.20240618.01.00
2.20240618.01.00
2.20240618.01.00
2.20240618.01.00
3.20220918
3.20220918
3.20220918
3.20220918
3.20230616
3.20230616
3.20230616
3.20230616
3.20230616.01.00
3.20230616.01.00
3.20230616.01.00
3.20230616.01.00
3.20230617
3.20230617
3.20230617
3.20230617
3.20230617.01.00
3.20230617.01.00
3.20230617.01.00
3.20230617.01.00
3.20230618
3.20230618
3.20230618
3.20230618
3.20230618.01.00
3.20230618.01.00
3.20230618.01.00
3.20230618.01.00
3.20230619
3.20230619
3.20230619
3.20230619
3.20230619.01.00
3.20230619.01.00
3.20230619.01.00
3.20230619.01.00
3.20230620
3.20230620
3.20230620
3.20230620
3.20230620.01.00
3.20230620.01.00
3.20230620.01.00
3.20230620.01.00
3.20230621
3.20230621
3.20230621
3.20230621
3.20230621.01.00
3.20230621.01.00
3.20230621.01.00
3.20230621.01.00
3.20230622
3.20230622
3.20230622
3.20230622
3.20230622.01.00
3.20230622.01.00
3.20230622.01.00
3.20230622.01.00
3.20230623
3.20230623
3.20230623
3.20230623
3.20230623.01.00
3.20230623.01.00
3.20230623.01.00
3.20230623.01.00
3.20230624
3.20230624
3.20230624
3.20230624
3.20230624.01.00
3.20230624.01.00
3.20230624.01.00
3.20230624.01.00
3.20230625
3.20230625
3.20230625
3.20230625
3.20230625.01.00
3.20230625.01.00
3.20230625.01.00
3.20230625.01.00
3.20230626
3.20230626
3.20230626
3.20230626
3.20230626.01.00
3.20230626.01.00
3.20230626.01.00
3.20230626.01.00
3.20230627
3.20230627
3.20230627
3.20230627
3.20230627.01.00
3.20230627.01.00
3.20230627.01.00
3.20230627.01.00
3.20230628
3.20230628
3.20230628
3.20230628
3.20230628.01.00
3.20230628.01.00
3.20230628.01.00
3.20230628.01.00
3.20230629
3.20230629
3.20230629
3.20230629
3.20230629.01.00
3.20230629.01.00
3.20230629.01.00
3.20230629.01.00
3.20230630
3.20230630
3.20230630
3.20230630
3.20230630.01.00
3.20230630.01.00
3.20230630.01.00
3.20230630.01.00
3.20230701
3.20230701
3.20230701
3.20230701
3.20230701.01.00
3.20230701.01.00
3.20230701.01.00
3.20230701.01.00
3.20230702
3.20230702
3.20230702
3.20230702
3.20230702.01.00
3.20230702.01.00
3.20230702.01.00
3.20230702.01.00
3.20230703
3.20230703
3.20230703
3.20230703
3.20230703.01.00
3.20230703.01.00
3.20230703.01.00
3.20230703.01.00
3.20230704
3.20230704
3.20230704
3.20230704
3.20230704.01.00
3.20230704.01.00
3.20230704.01.00
3.20230704.01.00
3.20230705
3.20230705
3.20230705
3.20230705
3.20230705.01.00
3.20230705.01.00
3.20230705.01.00
3.20230705.01.00
3.20230706
3.20230706
3.20230706
3.20230706
3.20230706.01.00
3.20230706.01.00
3.20230706.01.00
3.20230706.01.00
3.20230707
3.20230707
3.20230707
3.20230707
3.20230707.01.00
3.20230707.01.00
3.20230707.01.00
3.20230707.01.00
3.20230708
3.20230708
3.20230708
3.20230708
3.20230708.01.00
3.20230708.01.00
3.20230708.01.00
3.20230708.01.00
3.20230709
3.20230709
3.20230709
3.20230709
3.20230709.01.00
3.20230709.01.00
3.20230709.01.00
3.20230709.01.00
3.20230710
3.20230710
3.20230710
3.20230710
3.20230710.01.00
3.20230710.01.00
3.20230710.01.00
3.20230710.01.00
3.20230711
3.20230711
3.20230711
3.20230711
3.20230711.01.00
3.20230711.01.00
3.20230711.01.00
3.20230711.01.00
3.20230712
3.20230712
3.20230712
3.20230712
3.20230712.01.00
3.20230712.01.00
3.20230712.01.00
3.20230712.01.00
3.20230713
3.20230713
3.20230713
3.20230713
3.20230713.01.00
3.20230713.01.00
3.20230713.01.00
3.20230713.01.00
3.20230714
3.20230714
3.20230714
3.20230714
3.20230714.01.00
3.20230714.01.00
3.20230714.01.00
3.20230714.01.00
3.20230715
3.20230715
3.20230715
3.20230715
3.20230715.01.00
3.20230715.01.00
3.20230715.01.00
3.20230715.01.00
3.20230716
3.20230716
3.20230716
3.20230716
3.20230716.01.00
3.20230716.01.00
3.20230716.01.00
3.20230716.01.00
3.20230717
3.20230717
3.20230717
3.20230717
3.20230717.01.00
3.20230717.01.00
3.20230717.01.00
3.20230717.01.00
3.20230718
3.20230718
3.20230718
3.20230718
3.20230718.01.00
3.20230718.01.00
3.20230718.01.00
3.20230718.01.00
3.20230719
3.20230719
3.20230719
3.20230719
3.20230719.01.00
3.20230719.01.00
3.20230719.01.00
3.20230719.01.00
3.20230720
3.20230720
3.20230720
3.20230720
3.20230720.01.00
3.20230720.01.00
3.20230720.01.00
3.20230720.01.00
3.20230721
3.20230721
3.20230721
3.20230721
3.20230721.01.00
3.20230721.01.00
3.20230721.01.00
3.20230721.01.00
3.20230722
3.20230722
3.20230722
3.20230722
3.20230722.01.00
3.20230722.01.00
3.20230722.01.00
3.20230722.01.00
3.20230723
3.20230723
3.20230723
3.20230723
3.20230723.01.00
3.20230723.01.00
3.20230723.01.00
3.20230723.01.00
3.20230724
3.20230724
3.20230724
3.20230724
3.20230724.01.00
3.20230724.01.00
3.20230724.01.00
3.20230724.01.00
3.20230725
3.20230725
3.20230725
3.20230725
3.20230725.01.00
3.20230725.01.00
3.20230725.01.00
3.20230725.01.00
3.20230726
3.20230726
3.20230726
3.20230726
3.20230726.01.00
3.20230726.01.00
3.20230726.01.00
3.20230726.01.00
3.20230727
3.20230727
3.20230727
3.20230727
3.20230727.01.00
3.20230727.01.00
3.20230727.01.00
3.20230727.01.00
3.20230728
3.20230728
3.20230728
3.20230728
3.20230728.01.00
3.20230728.01.00
3.20230728.01.00
3.20230728.01.00
3.20230729
3.20230729
3.20230729
3.20230729
3.20230729.01.00
3.20230729.01.00
3.20230729.01.00
3.20230729.01.00
3.20230730
3.20230730
3.20230730
3.20230730
3.20230730.01.00
3.20230730.01.00
3.20230730.01.00
3.20230730.01.00
3.20230731
3.20230731
3.20230731
3.20230731
3.20230731.01.00
3.20230731.01.00
3.20230731.01.00
3.20230731.01.00
3.20230801
3.20230801
3.20230801
3.20230801
3.20230801.01.00
3.20230801.01.00
3.20230801.01.00
3.20230801.01.00
3.20230802
3.20230802
3.20230802
3.20230802
3.20230802.01.00
3.20230802.01.00
3.20230802.01.00
3.20230802.01.00
3.20230803
3.20230803
3.20230803
3.20230803
3.20230803.01.00
3.20230803.01.00
3.20230803.01.00
3.20230803.01.00
3.20230804
3.20230804
3.20230804
3.20230804
3.20230804.01.00
3.20230804.01.00
3.20230804.01.00
3.20230804.01.00
3.20230805
3.20230805
3.20230805
3.20230805
3.20230805.01.00
3.20230805.01.00
3.20230805.01.00
3.20230805.01.00
3.20230806
3.20230806
3.20230806
3.20230806
3.20230806.01.00
3.20230806.01.00
3.20230806.01.00
3.20230806.01.00
3.20230807
3.20230807
3.20230807
3.20230807
3.20230807.01.00
3.20230807.01.00
3.20230807.01.00
3.20230807.01.00
3.20230808
3.20230808
3.20230808
3.20230808
3.20230808.01.00
3.20230808.01.00
3.20230808.01.00
3.20230808.01.00
3.20230809
3.20230809
3.20230809
3.20230809
3.20230809.01.00
3.20230809.01.00
3.20230809.01.00
3.20230809.01.00
3.20230810
3.20230810
3.20230810
3.20230810
3.20230810.01.00
3.20230810.01.00
3.20230810.01.00
3.20230810.01.00
3.20230811
3.20230811
3.20230811
3.20230811
3.20230811.01.00
3.20230811.01.00
3.20230811.01.00
3.20230811.01.00
3.20230812
3.20230812
3.20230812
3.20230812
3.20230812.01.00
3.20230812.01.00
3.20230812.01.00
3.20230812.01.00
3.20230813
3.20230813
3.20230813
3.20230813
3.20230813.01.00
3.20230813.01.00
3.20230813.01.00
3.20230813.01.00
3.20230814
3.20230814
3.20230814
3.20230814
3.20230814.01.00
3.20230814.01.00
3.20230814.01.00
3.20230814.01.00
3.20230815
3.20230815
3.20230815
3.20230815
3.20230815.01.00
3.20230815.01.00
3.20230815.01.00
3.20230815.01.00
3.20230816
3.20230816
3.20230816
3.20230816
3.20230816.01.00
3.20230816.01.00
3.20230816.01.00
3.20230816.01.00
3.20230817
3.20230817
3.20230817
3.20230817
3.20230817.01.00
3.20230817.01.00
3.20230817.01.00
3.20230817.01.00
3.20230818
3.20230818
3.20230818
3.20230818
3.20230818.01.00
3.20230818.01.00
3.20230818.01.00
3.20230818.01.00
3.20230819
3.20230819
3.20230819
3.20230819
3.20230819.01.00
3.20230819.01.00
3.20230819.01.00
3.20230819.01.00
3.20230820
3.20230820
3.20230820
3.20230820
3.20230820.01.00
3.20230820.01.00
3.20230820.01.00
3.20230820.01.00
3.20230821
3.20230821
3.20230821
3.20230821
3.20230821.01.00
3.20230821.01.00
3.20230821.01.00
3.20230821.01.00
3.20230822
3.20230822
3.20230822
3.20230822
3.20230822.01.00
3.20230822.01.00
3.20230822.01.00
3.20230822.01.00
3.20230823
3.20230823
3.20230823
3.20230823
3.20230823.01.00
3.20230823.01.00
3.20230823.01.00
3.20230823.01.00
3.20230824
3.20230824
3.20230824
3.20230824
3.20230824.01.00
3.20230824.01.00
3.20230824.01.00
3.20230824.01.00
3.20230825
3.20230825
3.20230825
3.20230825
3.20230825.01.00
3.20230825.01.00
3.20230825.01.00
3.20230825.01.00
3.20230826
3.20230826
3.20230826
3.20230826
3.20230826.01.00
3.20230826.01.00
3.20230826.01.00
3.20230826.01.00
3.20230827
3.20230827
3.20230827
3.20230827
3.20230827.01.00
3.20230827.01.00
3.20230827.01.00
3.20230827.01.00
3.20230828
3.20230828
3.20230828
3.20230828
3.20230828.01.00
3.20230828.01.00
3.20230828.01.00
3.20230828.01.00
3.20230829
3.20230829
3.20230829
3.20230829
3.20230829.01.00
3.20230829.01.00
3.20230829.01.00
3.20230829.01.00
3.20230830
3.20230830
3.20230830
3.20230830
3.20230830.01.00
3.20230830.01.00
3.20230830.01.00
3.20230830.01.00
3.20230831
3.20230831
3.20230831
3.20230831
3.20230831.01.00
3.20230831.01.00
3.20230831.01.00
3.20230831.01.00
3.20230901
3.20230901
3.20230901
3.20230901
3.20230901.01.00
3.20230901.01.00
3.20230901.01.00
3.20230901.01.00
3.20230902
3.20230902
3.20230902
3.20230902
3.20230902.01.00
3.20230902.01.00
3.20230902.01.00
3.20230902.01.00
3.20230903
3.20230903
3.20230903
3.20230903
3.20230903.01.00
3.20230903.01.00
3.20230903.01.00
3.20230903.01.00
3.20230904
3.20230904
3.20230904
3.20230904
3.20230904.01.00
3.20230904.01.00
3.20230904.01.00
3.20230904.01.00
3.20230905
3.20230905
3.20230905
3.20230905
3.20230905.01.00
3.20230905.01.00
3.20230905.01.00
3.20230905.01.00
3.20230906
3.20230906
3.20230906
3.20230906
3.20230906.01.00
3.20230906.01.00
3.20230906.01.00
3.20230906.01.00
3.20230907
3.20230907
3.20230907
3.20230907
3.20230907.01.00
3.20230907.01.00
3.20230907.01.00
3.20230907.01.00
3.20230908
3.20230908
3.20230908
3.20230908
3.20230908.01.00
3.20230908.01.00
3.20230908.01.00
3.20230908.01.00
3.20230909
3.20230909
3.20230909
3.20230909
3.20230909.01.00
3.20230909.01.00
3.20230909.01.00
3.20230909.01.00
3.20230910
3.20230910
3.20230910
3.20230910
3.20230910.01.00
3.20230910.01.00
3.20230910.01.00
3.20230910.01.00
3.20230911
3.20230911
3.20230911
3.20230911
3.20230911.01.00
3.20230911.01.00
3.20230911.01.00
3.20230911.01.00
3.20230912
3.20230912
3.20230912
3.20230912
3.20230912.01.00
3.20230912.01.00
3.20230912.01.00
3.20230912.01.00
3.20230913
3.20230913
3.20230913
3.20230913
3.20230913.01.00
3.20230913.01.00
3.20230913.01.00
3.20230913.01.00
3.20230914
3.20230914
3.20230914
3.20230914
3.20230914.01.00
3.20230914.01.00
3.20230914.01.00
3.20230914.01.00
3.20230915
3.20230915
3.20230915
3.20230915
3.20230915.01.00
3.20230915.01.00
3.20230915.01.00
3.20230915.01.00
3.20230916
3.20230916
3.20230916
3.20230916
3.20230916.01.00
3.20230916.01.00
3.20230916.01.00
3.20230916.01.00
3.20230917
3.20230917
3.20230917
3.20230917
3.20230917.01.00
3.20230917.01.00
3.20230917.01.00
3.20230917.01.00
3.20230918
3.20230918
3.20230918
3.20230918
3.20230918.01.00
3.20230918.01.00
3.20230918.01.00
3.20230918.01.00
3.20230919
3.20230919
3.20230919
3.20230919
3.20230919.01.00
3.20230919.01.00
3.20230919.01.00
3.20230919.01.00
3.20230920
3.20230920
3.20230920
3.20230920
3.20230920.01.00
3.20230920.01.00
3.20230920.01.00
3.20230920.01.00
3.20230921
3.20230921
3.20230921
3.20230921
3.20230921.01.00
3.20230921.01.00
3.20230921.01.00
3.20230921.01.00
3.20230922
3.20230922
3.20230922
3.20230922
3.20230922.01.00
3.20230922.01.00
3.20230922.01.00
3.20230922.01.00
3.20230923
3.20230923
3.20230923
3.20230923
3.20230923.01.00
3.20230923.01.00
3.20230923.01.00
3.20230923.01.00
3.20230924
3.20230924
3.20230924
3.20230924
3.20230924.01.00
3.20230924.01.00
3.20230924.01.00
3.20230924.01.00
3.20230925
3.20230925
3.20230925
3.20230925
3.20230925.01.00
3.20230925.01.00
3.20230925.01.00
3.20230925.01.00
3.20230926
3.20230926
3.20230926
3.20230926
3.20230926.01.00
3.20230926.01.00
3.20230926.01.00
3.20230926.01.00
3.20230927
3.20230927
3.20230927
3.20230927
3.20230927.01.00
3.20230927.01.00
3.20230927.01.00
3.20230927.01.00
3.20230928
3.20230928
3.20230928
3.20230928
3.20230928.01.00
3.20230928.01.00
3.20230928.01.00
3.20230928.01.00
3.20230929
3.20230929
3.20230929
3.20230929
3.20230929.01.00
3.20230929.01.00
3.20230929.01.00
3.20230929.01.00
3.20230930
3.20230930
3.20230930
3.20230930
3.20230930.01.00
3.20230930.01.00
3.20230930.01.00
3.20230930.01.00
3.20231001
3.20231001
3.20231001
3.20231001
3.20231001.01.00
3.20231001.01.00
3.20231001.01.00
3.20231001.01.00
3.20231002
3.20231002
3.20231002
3.20231002
3.20231002.01.00
3.20231002.01.00
3.20231002.01.00
3.20231002.01.00
3.20231003
3.20231003
3.20231003
3.20231003
3.20231003.01.00
3.20231003.01.00
3.20231003.01.00
3.20231003.01.00
3.20231004
3.20231004
3.20231004
3.20231004
3.20231004.01.00
3.20231004.01.00
3.20231004.01.00
3.20231004.01.00
3.20231005
3.20231005
3.20231005
3.20231005
3.20231005.01.00
3.20231005.01.00
3.20231005.01.00
3.20231005.01.00
3.20231006
3.20231006
3.20231006
3.20231006
3.20231006.01.00
3.20231006.01.00
3.20231006.01.00
3.20231006.01.00
3.20231007
3.20231007
3.20231007
3.20231007
3.20231007.01.00
3.20231007.01.00
3.20231007.01.00
3.20231007.01.00
3.20231008
3.20231008
3.20231008
3.20231008
3.20231008.01.00
3.20231008.01.00
3.20231008.01.00
3.20231008.01.00
3.20231009
3.20231009
3.20231009
3.20231009
3.20231009.01.00
3.20231009.01.00
3.20231009.01.00
3.20231009.01.00
3.20231010
3.20231010
3.20231010
3.20231010
3.20231010.01.00
3.20231010.01.00
3.20231010.01.00
3.20231010.01.00
3.20231011
3.20231011
3.20231011
3.20231011
3.20231011.01.00
3.20231011.01.00
3.20231011.01.00
3.20231011.01.00
3.20231012
3.20231012
3.20231012
3.20231012
3.20231012.01.00
3.20231012.01.00
3.20231012.01.00
3.20231012.01.00
3.20231013
3.20231013
3.20231013
3.20231013
3.20231013.01.00
3.20231013.01.00
3.20231013.01.00
3.20231013.01.00
3.20231014
3.20231014
3.20231014
3.20231014
3.20231014.01.00
3.20231014.01.00
3.20231014.01.00
3.20231014.01.00
3.20231015
3.20231015
3.20231015
3.20231015
3.20231015.01.00
3.20231015.01.00
3.20231015.01.00
3.20231015.01.00
3.20231016
3.20231016
3.20231016
3.20231016
3.20231016.01.00
3.20231016.01.00
3.20231016.01.00
3.20231016.01.00
3.20231017
3.20231017
3.20231017
3.20231017
3.20231017.01.00
3.20231017.01.00
3.20231017.01.00
3.20231017.01.00
3.20231018
3.20231018
3.20231018
3.20231018
3.20231018.01.00
3.20231018.01.00
3.20231018.01.00
3.20231018.01.00
3.20231019
3.20231019
3.20231019
3.20231019
3.20231019.01.00
3.20231019.01.00
3.20231019.01.00
3.20231019.01.00
3.20231020
3.20231020
3.20231020
3.20231020
3.20231020.01.00
3.20231020.01.00
3.20231020.01.00
3.20231020.01.00
3.20231021
3.20231021
3.20231021
3.20231021
3.20231021.01.00
3.20231021.01.00
3.20231021.01.00
3.20231021.01.00
3.20231022
3.20231022
3.20231022
3.20231022
3.20231022.01.00
3.20231022.01.00
3.20231022.01.00
3.20231022.01.00
3.20231023
3.20231023
3.20231023
3.20231023
3.20231023.01.00
3.20231023.01.00
3.20231023.01.00
3.20231023.01.00
3.20231024
3.20231024
3.20231024
3.20231024
3.20231024.01.00
3.20231024.01.00
3.20231024.01.00
3.20231024.01.00
3.20231025
3.20231025
3.20231025
3.20231025
3.20231025.01.00
3.20231025.01.00
3.20231025.01.00
3.20231025.01.00
3.20231026
3.20231026
3.20231026
3.20231026
3.20231026.01.00
3.20231026.01.00
3.20231026.01.00
3.20231026.01.00
3.20231027
3.20231027
3.20231027
3.20231027
3.20231027.01.00
3.20231027.01.00
3.20231027.01.00
3.20231027.01.00
3.20231028
3.20231028
3.20231028
3.20231028
3.20231028.01.00
3.20231028.01.00
3.20231028.01.00
3.20231028.01.00
3.20231029
3.20231029
3.20231029
3.20231029
3.20231029.01.00
3.20231029.01.00
3.20231029.01.00
3.20231029.01.00
3.20231030
3.20231030
3.20231030
3.20231030
3.20231030.01.00
3.20231030.01.00
3.20231030.01.00
3.20231030.01.00
3.20231031
3.20231031
3.20231031
3.20231031
3.20231031.01.00
3.20231031.01.00
3.20231031.01.00
3.20231031.01.00
3.20231101
3.20231101
3.20231101
3.20231101
3.20231101.01.00
3.20231101.01.00
3.20231101.01.00
3.20231101.01.00
3.20231102
3.20231102
3.20231102
3.20231102
3.20231102.01.00
3.20231102.01.00
3.20231102.01.00
3.20231102.01.00
3.20231103
3.20231103
3.20231103
3.20231103
3.20231103.01.00
3.20231103.01.00
3.20231103.01.00
3.20231103.01.00
3.20231104
3.20231104
3.20231104
3.20231104
3.20231104.01.00
3.20231104.01.00
3.20231104.01.00
3.20231104.01.00
3.20231105
3.20231105
3.20231105
3.20231105
3.20231105.01.00
3.20231105.01.00
3.20231105.01.00
3.20231105.01.00
3.20231106
3.20231106
3.20231106
3.20231106
3.20231106.01.00
3.20231106.01.00
3.20231106.01.00
3.20231106.01.00
3.20231107
3.20231107
3.20231107
3.20231107
3.20231107.01.00
3.20231107.01.00
3.20231107.01.00
3.20231107.01.00
3.20231108
3.20231108
3.20231108
3.20231108
3.20231108.01.00
3.20231108.01.00
3.20231108.01.00
3.20231108.01.00
3.20231109
3.20231109
3.20231109
3.20231109
3.20231109.01.00
3.20231109.01.00
3.20231109.01.00
3.20231109.01.00
3.20231110
3.20231110
3.20231110
3.20231110
3.20231110.01.00
3.20231110.01.00
3.20231110.01.00
3.20231110.01.00
3.20231111
3.20231111
3.20231111
3.20231111
3.20231111.01.00
3.20231111.01.00
3.20231111.01.00
3.20231111.01.00
3.20231112
3.20231112
3.20231112
3.20231112
3.20231112.01.00
3.20231112.01.00
3.20231112.01.00
3.20231112.01.00
3.20231113
3.20231113
3.20231113
3.20231113
3.20231113.01.00
3.20231113.01.00
3.20231113.01.00
3.20231113.01.00
3.20231114
3.20231114
3.20231114
3.20231114
3.20231114.01.00
3.20231114.01.00
3.20231114.01.00
3.20231114.01.00
3.20231115
3.20231115
3.20231115
3.20231115
3.20231115.01.00
3.20231115.01.00
3.20231115.01.00
3.20231115.01.00
3.20231116
3.20231116
3.20231116
3.20231116
3.20231116.01.00
3.20231116.01.00
3.20231116.01.00
3.20231116.01.00
3.20231117
3.20231117
3.20231117
3.20231117
3.20231117.01.00
3.20231117.01.00
3.20231117.01.00
3.20231117.01.00
3.20231118
3.20231118
3.20231118
3.20231118
3.20231118.01.00
3.20231118.01.00
3.20231118.01.00
3.20231118.01.00
3.20231119
3.20231119
3.20231119
3.20231119
3.20231119.01.00
3.20231119.01.00
3.20231119.01.00
3.20231119.01.00
3.20231120
3.20231120
3.20231120
3.20231120
3.20231120.01.00
3.20231120.01.00
3.20231120.01.00
3.20231120.01.00
3.20231121
3.20231121
3.20231121
3.20231121
3.20231121.01.00
3.20231121.01.00
3.20231121.01.00
3.20231121.01.00
3.20231122
3.20231122
3.20231122
3.20231122
3.20231122.01.00
3.20231122.01.00
3.20231122.01.00
3.20231122.01.00
3.20231123
3.20231123
3.20231123
3.20231123
3.20231123.01.00
3.20231123.01.00
3.20231123.01.00
3.20231123.01.00
3.20231124
3.20231124
3.20231124
3.20231124
3.20231124.01.00
3.20231124.01.00
3.20231124.01.00
3.20231124.01.00
3.20231125
3.20231125
3.20231125
3.20231125
3.20231125.01.00
3.20231125.01.00
3.20231125.01.00
3.20231125.01.00
3.20231126
3.20231126
3.20231126
3.20231126
3.20231126.01.00
3.20231126.01.00
3.20231126.01.00
3.20231126.01.00
3.20231127
3.20231127
3.20231127
3.20231127
3.20231127.01.00
3.20231127.01.00
3.20231127.01.00
3.20231127.01.00
3.20231128
3.20231128
3.20231128
3.20231128
3.20231128.01.00
3.20231128.01.00
3.20231128.01.00
3.20231128.01.00
3.20231129
3.20231129
3.20231129
3.20231129
3.20231129.01.00
3.20231129.01.00
3.20231129.01.00
3.20231129.01.00
3.20231130
3.20231130
3.20231130
3.20231130
3.20231130.01.00
3.20231130.01.00
3.20231130.01.00
3.20231130.01.00
3.20231201
3.20231201
3.20231201
3.20231201
3.20231201.01.00
3.20231201.01.00
3.20231201.01.00
3.20231201.01.00
3.20231202
3.20231202
3.20231202
3.20231202
3.20231202.01.00
3.20231202.01.00
3.20231202.01.00
3.20231202.01.00
3.20231203
3.20231203
3.20231203
3.20231203
3.20231203.01.00
3.20231203.01.00
3.20231203.01.00
3.20231203.01.00
3.20231204
3.20231204
3.20231204
3.20231204
3.20231204.01.00
3.20231204.01.00
3.20231204.01.00
3.20231204.01.00
3.20231205
3.20231205
3.20231205
3.20231205
3.20231205.01.00
3.20231205.01.00
3.20231205.01.00
3.20231205.01.00
3.20231206
3.20231206
3.20231206
3.20231206
3.20231206.01.00
3.20231206.01.00
3.20231206.01.00
3.20231206.01.00
3.20231207
3.20231207
3.20231207
3.20231207
3.20231207.01.00
3.20231207.01.00
3.20231207.01.00
3.20231207.01.00
3.20231208
3.20231208
3.20231208
3.20231208
3.20231208.01.00
3.20231208.01.00
3.20231208.01.00
3.20231208.01.00
3.20231209
3.20231209
3.20231209
3.20231209
3.20231209.01.00
3.20231209.01.00
3.20231209.01.00
3.20231209.01.00
3.20231210
3.20231210
3.20231210
3.20231210
3.20231210.01.00
3.20231210.01.00
3.20231210.01.00
3.20231210.01.00
3.20231211
3.20231211
3.20231211
3.20231211
3.20231211.01.00
3.20231211.01.00
3.20231211.01.00
3.20231211.01.00
3.20231212
3.20231212
3.20231212
3.20231212
3.20231212.01.00
3.20231212.01.00
3.20231212.01.00
3.20231212.01.00
3.20231213
3.20231213
3.20231213
3.20231213
3.20231213.01.00
3.20231213.01.00
3.20231213.01.00
3.20231213.01.00
3.20231214
3.20231214
3.20231214
3.20231214
3.20231214.01.00
3.20231214.01.00
3.20231214.01.00
3.20231214.01.00
3.20231215
3.20231215
3.20231215
3.20231215
3.20231215.01.00
3.20231215.01.00
3.20231215.01.00
3.20231215.01.00
3.20231216
3.20231216
3.20231216
3.20231216
3.20231216.01.00
3.20231216.01.00
3.20231216.01.00
3.20231216.01.00
3.20231217
3.20231217
3.20231217
3.20231217
3.20231217.01.00
3.20231217.01.00
3.20231217.01.00
3.20231217.01.00
3.20231218
3.20231218
3.20231218
3.20231218
3.20231218.01.00
3.20231218.01.00
3.20231218.01.00
3.20231218.01.00
3.20231219
3.20231219
3.20231219
3.20231219
3.20231219.01.00
3.20231219.01.00
3.20231219.01.00
3.20231219.01.00
3.20231220
3.20231220
3.20231220
3.20231220
3.20231220.01.00
3.20231220.01.00
3.20231220.01.00
3.20231220.01.00
3.20231221
3.20231221
3.20231221
3.20231221
3.20231221.01.00
3.20231221.01.00
3.20231221.01.00
3.20231221.01.00
3.20231222
3.20231222
3.20231222
3.20231222
3.20231222.01.00
3.20231222.01.00
3.20231222.01.00
3.20231222.01.00
3.20231223
3.20231223
3.20231223
3.20231223
3.20231223.01.00
3.20231223.01.00
3.20231223.01.00
3.20231223.01.00
3.20231224
3.20231224
3.20231224
3.20231224
3.20231224.01.00
3.20231224.01.00
3.20231224.01.00
3.20231224.01.00
3.20231225
3.20231225
3.20231225
3.20231225
3.20231225.01.00
3.20231225.01.00
3.20231225.01.00
3.20231225.01.00
3.20231226
3.20231226
3.20231226
3.20231226
3.20231226.01.00
3.20231226.01.00
3.20231226.01.00
3.20231226.01.00
3.20231227
3.20231227
3.20231227
3.20231227
3.20231227.01.00
3.20231227.01.00
3.20231227.01.00
3.20231227.01.00
3.20231228
3.20231228
3.20231228
3.20231228
3.20231228.01.00
3.20231228.01.00
3.20231228.01.00
3.20231228.01.00
3.20231229
3.20231229
3.20231229
3.20231229
3.20231229.01.00
3.20231229.01.00
3.20231229.01.00
3.20231229.01.00
3.20231230
3.20231230
3.20231230
3.20231230
3.20231230.01.00
3.20231230.01.00
3.20231230.01.00
3.20231230.01.00
3.20231231
3.20231231
3.20231231
3.20231231
3.20231231.01.00
3.20231231.01.00
3.20231231.01.00
3.20231231.01.00
3.20240101
3.20240101
3.20240101
3.20240101
3.20240101.01.00
3.20240101.01.00
3.20240101.01.00
3.20240101.01.00
3.20240102
3.20240102
3.20240102
3.20240102
3.20240102.01.00
3.20240102.01.00
3.20240102.01.00
3.20240102.01.00
3.20240103
3.20240103
3.20240103
3.20240103
3.20240103.01.00
3.20240103.01.00
3.20240103.01.00
3.20240103.01.00
3.20240104
3.20240104
3.20240104
3.20240104
3.20240104.01.00
3.20240104.01.00
3.20240104.01.00
3.20240104.01.00
3.20240105
3.20240105
3.20240105
3.20240105
3.20240105.01.00
3.20240105.01.00
3.20240105.01.00
3.20240105.01.00
3.20240106
3.20240106
3.20240106
3.20240106
3.20240106.01.00
3.20240106.01.00
3.20240106.01.00
3.20240106.01.00
3.20240107
3.20240107
3.20240107
3.20240107
3.20240107.01.00
3.20240107.01.00
3.20240107.01.00
3.20240107.01.00
3.20240108
3.20240108
3.20240108
3.20240108
3.20240108.01.00
3.20240108.01.00
3.20240108.01.00
3.20240108.01.00
3.20240109
3.20240109
3.20240109
3.20240109
3.20240109.01.00
3.20240109.01.00
3.20240109.01.00
3.20240109.01.00
3.20240110
3.20240110
3.20240110
3.20240110
3.20240110.01.00
3.20240110.01.00
3.20240110.01.00
3.20240110.01.00
3.20240111
3.20240111
3.20240111
3.20240111
3.20240111.01.00
3.20240111.01.00
3.20240111.01.00
3.20240111.01.00
3.20240112
3.20240112
3.20240112
3.20240112
3.20240112.01.00
3.20240112.01.00
3.20240112.01.00
3.20240112.01.00
3.20240113
3.20240113
3.20240113
3.20240113
3.20240113.01.00
3.20240113.01.00
3.20240113.01.00
3.20240113.01.00
3.20240114
3.20240114
3.20240114
3.20240114
3.20240114.01.00
3.20240114.01.00
3.20240114.01.00
3.20240114.01.00
3.20240115
3.20240115
3.20240115
3.20240115
3.20240115.01.00
3.20240115.01.00
3.20240115.01.00
3.20240115.01.00
3.20240116
3.20240116
3.20240116
3.20240116
3.20240116.01.00
3.20240116.01.00
3.20240116.01.00
3.20240116.01.00
3.20240117
3.20240117
3.20240117
3.20240117
3.20240117.01.00
3.20240117.01.00
3.20240117.01.00
3.20240117.01.00
3.20240118
3.20240118
3.20240118
3.20240118
3.20240118.01.00
3.20240118.01.00
3.20240118.01.00
3.20240118.01.00
3.20240119
3.20240119
3.20240119
3.20240119
3.20240119.01.00
3.20240119.01.00
3.20240119.01.00
3.20240119.01.00
3.20240120
3.20240120
3.20240120
3.20240120
3.20240120.01.00
3.20240120.01.00
3.20240120.01.00
3.20240120.01.00
3.20240121
3.20240121
3.20240121
3.20240121
3.20240121.01.00
3.20240121.01.00
3.20240121.01.00
3.20240121.01.00
3.20240122
3.20240122
3.20240122
3.20240122
3.20240122.01.00
3.20240122.01.00
3.20240122.01.00
3.20240122.01.00
3.20240123
3.20240123
3.20240123
3.20240123
3.20240123.01.00
3.20240123.01.00
3.20240123.01.00
3.20240123.01.00
3.20240124
3.20240124
3.20240124
3.20240124
3.20240124.01.00
3.20240124.01.00
3.20240124.01.00
3.20240124.01.00
3.20240125
3.20240125
3.20240125
3.20240125
3.20240125.01.00
3.20240125.01.00
3.20240125.01.00
3.20240125.01.00
3.20240126
3.20240126
3.20240126
3.20240126
3.20240126.01.00
3.20240126.01.00
3.20240126.01.00
3.20240126.01.00
3.20240127
3.20240127
3.20240127
3.20240127
3.20240127.01.00
3.20240127.01.00
3.20240127.01.00
3.20240127.01.00
3.20240128
3.20240128
3.20240128
3.20240128
3.20240128.01.00
3.20240128.01.00
3.20240128.01.00
3.20240128.01.00
3.20240129
3.20240129
3.20240129
3.20240129
3.20240129.01.00
3.20240129.01.00
3.20240129.01.00
3.20240129.01.00
3.20240130
3.20240130
3.20240130
3.20240130
3.20240130.01.00
3.20240130.01.00
3.20240130.01.00
3.20240130.01.00
3.20240131
3.20240131
3.20240131
3.20240131
3.20240131.01.00
3.20240131.01.00
3.20240131.01.00
3.20240131.01.00
3.20240201
3.20240201
3.20240201
3.20240201
3.20240201.01.00
3.20240201.01.00
3.20240201.01.00
3.20240201.01.00
3.20240202
3.20240202
3.20240202
3.20240202
3.20240202.01.00
3.20240202.01.00
3.20240202.01.00
3.20240202.01.00
3.20240203
3.20240203
3.20240203
3.20240203
3.20240203.01.00
3.20240203.01.00
3.20240203.01.00
3.20240203.01.00
3.20240204
3.20240204
3.20240204
3.20240204
3.20240204.01.00
3.20240204.01.00
3.20240204.01.00
3.20240204.01.00
3.20240205
3.20240205
3.20240205
3.20240205
3.20240205.01.00
3.20240205.01.00
3.20240205.01.00
3.20240205.01.00
3.20240206
3.20240206
3.20240206
3.20240206
3.20240206.01.00
3.20240206.01.00
3.20240206.01.00
3.20240206.01.00
3.20240207
3.20240207
3.20240207
3.20240207
3.20240207.01.00
3.20240207.01.00
3.20240207.01.00
3.20240207.01.00
3.20240208
3.20240208
3.20240208
3.20240208
3.20240208.01.00
3.20240208.01.00
3.20240208.01.00
3.20240208.01.00
3.20240209
3.20240209
3.20240209
3.20240209
3.20240209.01.00
3.20240209.01.00
3.20240209.01.00
3.20240209.01.00
3.20240210
3.20240210
3.20240210
3.20240210
3.20240210.01.00
3.20240210.01.00
3.20240210.01.00
3.20240210.01.00
3.20240211
3.20240211
3.20240211
3.20240211
3.20240211.01.00
3.20240211.01.00
3.20240211.01.00
3.20240211.01.00
3.20240212
3.20240212
3.20240212
3.20240212
3.20240212.01.00
3.20240212.01.00
3.20240212.01.00
3.20240212.01.00
3.20240213
3.20240213
3.20240213
3.20240213
3.20240213.01.00
3.20240213.01.00
3.20240213.01.00
3.20240213.01.00
3.20240214
3.20240214
3.20240214
3.20240214
3.20240214.01.00
3.20240214.01.00
3.20240214.01.00
3.20240214.01.00
3.20240215
3.20240215
3.20240215
3.20240215
3.20240215.01.00
3.20240215.01.00
3.20240215.01.00
3.20240215.01.00
3.20240216
3.20240216
3.20240216
3.20240216
3.20240216.01.00
3.20240216.01.00
3.20240216.01.00
3.20240216.01.00
3.20240217
3.20240217
3.20240217
3.20240217
3.20240217.01.00
3.20240217.01.00
3.20240217.01.00
3.20240217.01.00
3.20240218
3.20240218
3.20240218
3.20240218
3.20240218.01.00
3.20240218.01.00
3.20240218.01.00
3.20240218.01.00
3.20240219
3.20240219
3.20240219
3.20240219
3.20240219.01.00
3.20240219.01.00
3.20240219.01.00
3.20240219.01.00
3.20240220
3.20240220
3.20240220
3.20240220
3.20240220.01.00
3.20240220.01.00
3.20240220.01.00
3.20240220.01.00
3.20240221
3.20240221
3.20240221
3.20240221
3.20240221.01.00
3.20240221.01.00
3.20240221.01.00
3.20240221.01.00
3.20240222
3.20240222
3.20240222
3.20240222
3.20240222.01.00
3.20240222.01.00
3.20240222.01.00
3.20240222.01.00
3.20240223
3.20240223
3.20240223
3.20240223
3.20240223.01.00
3.20240223.01.00
3.20240223.01.00
3.20240223.01.00
3.20240224
3.20240224
3.20240224
3.20240224
3.20240224.01.00
3.20240224.01.00
3.20240224.01.00
3.20240224.01.00
3.20240225
3.20240225
3.20240225
3.20240225
3.20240225.01.00
3.20240225.01.00
3.20240225.01.00
3.20240225.01.00
3.20240226
3.20240226
3.20240226
3.20240226
3.20240226.01.00
3.20240226.01.00
3.20240226.01.00
3.20240226.01.00
3.20240227
3.20240227
3.20240227
3.20240227
3.20240227.01.00
3.20240227.01.00
3.20240227.01.00
3.20240227.01.00
3.20240228
3.20240228
3.20240228
3.20240228
3.20240228.01.00
3.20240228.01.00
3.20240228.01.00
3.20240228.01.00
3.20240229
3.20240229
3.20240229
3.20240229
3.20240229.01.00
3.20240229.01.00
3.20240229.01.00
3.20240229.01.00
3.20240301
3.20240301
3.20240301
3.20240301
3.20240301.01.00
3.20240301.01.00
3.20240301.01.00
3.20240301.01.00
3.20240302
3.20240302
3.20240302
3.20240302
3.20240302.01.00
3.20240302.01.00
3.20240302.01.00
3.20240302.01.00
3.20240303
3.20240303
3.20240303
3.20240303
3.20240303.01.00
3.20240303.01.00
3.20240303.01.00
3.20240303.01.00
3.20240304
3.20240304
3.20240304
3.20240304
3.20240304.01.00
3.20240304.01.00
3.20240304.01.00
3.20240304.01.00
3.20240305
3.20240305
3.20240305
3.20240305
3.20240305.01.00
3.20240305.01.00
3.20240305.01.00
3.20240305.01.00
3.20240306
3.20240306
3.20240306
3.20240306
3.20240306.01.00
3.20240306.01.00
3.20240306.01.00
3.20240306.01.00
3.20240307
3.20240307
3.20240307
3.20240307
3.20240307.01.00
3.20240307.01.00
3.20240307.01.00
3.20240307.01.00
3.20240308
3.20240308
3.20240308
3.20240308
3.20240308.01.00
3.20240308.01.00
3.20240308.01.00
3.20240308.01.00
3.20240309
3.20240309
3.20240309
3.20240309
3.20240309.01.00
3.20240309.01.00
3.20240309.01.00
3.20240309.01.00
3.20240310
3.20240310
3.20240310
3.20240310
3.20240310.01.00
3.20240310.01.00
3.20240310.01.00
3.20240310.01.00
3.20240311
3.20240311
3.20240311
3.20240311
3.20240311.01.00
3.20240311.01.00
3.20240311.01.00
3.20240311.01.00
3.20240312
3.20240312
3.20240312
3.20240312
3.20240312.01.00
3.20240312.01.00
3.20240312.01.00
3.20240312.01.00
3.20240313
3.20240313
3.20240313
3.20240313
3.20240313.01.00
3.20240313.01.00
3.20240313.01.00
3.20240313.01.00
3.20240314
3.20240314
3.20240314
3.20240314
3.20240314.01.00
3.20240314.01.00
3.20240314.01.00
3.20240314.01.00
3.20240315
3.20240315
3.20240315
3.20240315
3.20240315.01.00
3.20240315.01.00
3.20240315.01.00
3.20240315.01.00
3.20240316
3.20240316
3.20240316
3.20240316
3.20240316.01.00
3.20240316.01.00
3.20240316.01.00
3.20240316.01.00
3.20240317
3.20240317
3.20240317
3.20240317
3.20240317.01.00
3.20240317.01.00
3.20240317.01.00
3.20240317.01.00
3.20240318
3.20240318
3.20240318
3.20240318
3.20240318.01.00
3.20240318.01.00
3.20240318.01.00
3.20240318.01.00
3.20240319
3.20240319
3.20240319
3.20240319
3.20240319.01.00
3.20240319.01.00
3.20240319.01.00
3.20240319.01.00
3.20240320
3.20240320
3.20240320
3.20240320
3.20240320.01.00
3.20240320.01.00
3.20240320.01.00
3.20240320.01.00
3.20240321
3.20240321
3.20240321
3.20240321
3.20240321.01.00
3.20240321.01.00
3.20240321.01.00
3.20240321.01.00
3.20240322
3.20240322
3.20240322
3.20240322
3.20240322.01.00
3.20240322.01.00
3.20240322.01.00
3.20240322.01.00
3.20240323
3.20240323
3.20240323
3.20240323
3.20240323.01.00
3.20240323.01.00
3.20240323.01.00
3.20240323.01.00
3.20240324
3.20240324
3.20240324
3.20240324
3.20240324.01.00
3.20240324.01.00
3.20240324.01.00
3.20240324.01.00
3.20240325
3.20240325
3.20240325
3.20240325
3.20240325.01.00
3.20240325.01.00
3.20240325.01.00
3.20240325.01.00
3.20240326
3.20240326
3.20240326
3.20240326
3.20240326.01.00
3.20240326.01.00
3.20240326.01.00
3.20240326.01.00
3.20240327
3.20240327
3.20240327
3.20240327
3.20240327.01.00
3.20240327.01.00
3.20240327.01.00
3.20240327.01.00
3.20240328
3.20240328
3.20240328
3.20240328
3.20240328.01.00
3.20240328.01.00
3.20240328.01.00
3.20240328.01.00
3.20240329
3.20240329
3.20240329
3.20240329
3.20240329.01.00
3.20240329.01.00
3.20240329.01.00
3.20240329.01.00
3.20240330
3.20240330
3.20240330
3.20240330
3.20240330.01.00
3.20240330.01.00
3.20240330.01.00
3.20240330.01.00
3.20240331
3.20240331
3.20240331
3.20240331
3.20240331.01.00
3.20240331.01.00
3.20240331.01.00
3.20240331.01.00
3.20240401
3.20240401
3.20240401
3.20240401
3.20240401.01.00
3.20240401.01.00
3.20240401.01.00
3.20240401.01.00
3.20240402
3.20240402
3.20240402
3.20240402
3.20240402.01.00
3.20240402.01.00
3.20240402.01.00
3.20240402.01.00
3.20240403
3.20240403
3.20240403
3.20240403
3.20240403.01.00
3.20240403.01.00
3.20240403.01.00
3.20240403.01.00
3.20240404
3.20240404
3.20240404
3.20240404
3.20240404.01.00
3.20240404.01.00
3.20240404.01.00
3.20240404.01.00
3.20240405
3.20240405
3.20240405
3.20240405
3.20240405.01.00
3.20240405.01.00
3.20240405.01.00
3.20240405.01.00
3.20240406
3.20240406
3.20240406
3.20240406
3.20240406.01.00
3.20240406.01.00
3.20240406.01.00
3.20240406.01.00
3.20240407
3.20240407
3.20240407
3.20240407
3.20240407.01.00
3.20240407.01.00
3.20240407.01.00
3.20240407.01.00
3.20240408
3.20240408
3.20240408
3.20240408
3.20240408.01.00
3.20240408.01.00
3.20240408.01.00
3.20240408.01.00
3.20240409
3.20240409
3.20240409
3.20240409
3.20240409.01.00
3.20240409.01.00
3.20240409.01.00
3.20240409.01.00
3.20240410
3.20240410
3.20240410
3.20240410
3.20240410.01.00
3.20240410.01.00
3.20240410.01.00
3.20240410.01.00
3.20240411
3.20240411
3.20240411
3.20240411
3.20240411.01.00
3.20240411.01.00
3.20240411.01.00
3.20240411.01.00
3.20240412
3.20240412
3.20240412
3.20240412
3.20240412.01.00
3.20240412.01.00
3.20240412.01.00
3.20240412.01.00
3.20240413
3.20240413
3.20240413
3.20240413
3.20240413.01.00
3.20240413.01.00
3.20240413.01.00
3.20240413.01.00
3.20240414
3.20240414
3.20240414
3.20240414
3.20240414.01.00
3.20240414.01.00
3.20240414.01.00
3.20240414.01.00
3.20240415
3.20240415
3.20240415
3.20240415
3.20240415.01.00
3.20240415.01.00
3.20240415.01.00
3.20240415.01.00
3.20240416
3.20240416
3.20240416
3.20240416
3.20240416.01.00
3.20240416.01.00
3.20240416.01.00
3.20240416.01.00
3.20240417
3.20240417
3.20240417
3.20240417
3.20240417.01.00
3.20240417.01.00
3.20240417.01.00
3.20240417.01.00
3.20240418
3.20240418
3.20240418
3.20240418
3.20240418.01.00
3.20240418.01.00
3.20240418.01.00
3.20240418.01.00
3.20240419
3.20240419
3.20240419
3.20240419
3.20240419.01.00
3.20240419.01.00
3.20240419.01.00
3.20240419.01.00
3.20240420
3.20240420
3.20240420
3.20240420
3.20240420.01.00
3.20240420.01.00
3.20240420.01.00
3.20240420.01.00
3.20240421
3.20240421
3.20240421
3.20240421
3.20240421.01.00
3.20240421.01.00
3.20240421.01.00
3.20240421.01.00
3.20240422
3.20240422
3.20240422
3.20240422
3.20240422.01.00
3.20240422.01.00
3.20240422.01.00
3.20240422.01.00
3.20240423
3.20240423
3.20240423
3.20240423
3.20240423.01.00
3.20240423.01.00
3.20240423.01.00
3.20240423.01.00
3.20240424
3.20240424
3.20240424
3.20240424
3.20240424.01.00
3.20240424.01.00
3.20240424.01.00
3.20240424.01.00
3.20240425
3.20240425
3.20240425
3.20240425
3.20240425.01.00
3.20240425.01.00
3.20240425.01.00
3.20240425.01.00
3.20240426
3.20240426
3.20240426
3.20240426
3.20240426.01.00
3.20240426.01.00
3.20240426.01.00
3.20240426.01.00
3.20240427
3.20240427
3.20240427
3.20240427
3.20240427.01.00
3.20240427.01.00
3.20240427.01.00
3.20240427.01.00
3.20240428
3.20240428
3.20240428
3.20240428
3.20240428.01.00
3.20240428.01.00
3.20240428.01.00
3.20240428.01.00
3.20240429
3.20240429
3.20240429
3.20240429
3.20240429.01.00
3.20240429.01.00
3.20240429.01.00
3.20240429.01.00
3.20240430
3.20240430
3.20240430
3.20240430
3.20240430.01.00
3.20240430.01.00
3.20240430.01.00
3.20240430.01.00
3.20240501
3.20240501
3.20240501
3.20240501
3.20240501.01.00
3.20240501.01.00
3.20240501.01.00
3.20240501.01.00
3.20240502
3.20240502
3.20240502
3.20240502
3.20240502.01.00
3.20240502.01.00
3.20240502.01.00
3.20240502.01.00
3.20240503
3.20240503
3.20240503
3.20240503
3.20240503.01.00
3.20240503.01.00
3.20240503.01.00
3.20240503.01.00
3.20240504
3.20240504
3.20240504
3.20240504
3.20240504.01.00
3.20240504.01.00
3.20240504.01.00
3.20240504.01.00
3.20240505
3.20240505
3.20240505
3.20240505
3.20240505.01.00
3.20240505.01.00
3.20240505.01.00
3.20240505.01.00
3.20240506
3.20240506
3.20240506
3.20240506
3.20240506.01.00
3.20240506.01.00
3.20240506.01.00
3.20240506.01.00
3.20240507
3.20240507
3.20240507
3.20240507
3.20240507.01.00
3.20240507.01.00
3.20240507.01.00
3.20240507.01.00
3.20240508
3.20240508
3.20240508
3.20240508
3.20240508.01.00
3.20240508.01.00
3.20240508.01.00
3.20240508.01.00
3.20240509
3.20240509
3.20240509
3.20240509
3.20240509.01.00
3.20240509.01.00
3.20240509.01.00
3.20240509.01.00
3.20240510
3.20240510
3.20240510
3.20240510
3.20240510.01.00
3.20240510.01.00
3.20240510.01.00
3.20240510.01.00
3.20240511
3.20240511
3.20240511
3.20240511
3.20240511.01.00
3.20240511.01.00
3.20240511.01.00
3.20240511.01.00
3.20240512
3.20240512
3.20240512
3.20240512
3.20240512.01.00
3.20240512.01.00
3.20240512.01.00
3.20240512.01.00
3.20240513
3.20240513
3.20240513
3.20240513
3.20240513.01.00
3.20240513.01.00
3.20240513.01.00
3.20240513.01.00
3.20240514
3.20240514
3.20240514
3.20240514
3.20240514.01.00
3.20240514.01.00
3.20240514.01.00
3.20240514.01.00
3.20240515
3.20240515
3.20240515
3.20240515
3.20240515.01.00
3.20240515.01.00
3.20240515.01.00
3.20240515.01.00
3.20240516
3.20240516
3.20240516
3.20240516
3.20240516.01.00
3.20240516.01.00
3.20240516.01.00
3.20240516.01.00
3.20240517
3.20240517
3.20240517
3.20240517
3.20240517.01.00
3.20240517.01.00
3.20240517.01.00
3.20240517.01.00
3.20240518
3.20240518
3.20240518
3.20240518
3.20240518.01.00
3.20240518.01.00
3.20240518.01.00
3.20240518.01.00
3.20240519
3.20240519
3.20240519
3.20240519
3.20240519.01.00
3.20240519.01.00
3.20240519.01.00
3.20240519.01.00
3.20240520
3.20240520
3.20240520
3.20240520
3.20240520.01.00
3.20240520.01.00
3.20240520.01.00
3.20240520.01.00
3.20240521
3.20240521
3.20240521
3.20240521
3.20240521.01.00
3.20240521.01.00
3.20240521.01.00
3.20240521.01.00
3.20240522
3.20240522
3.20240522
3.20240522
3.20240522.01.00
3.20240522.01.00
3.20240522.01.00
3.20240522.01.00
3.20240523
3.20240523
3.20240523
3.20240523
3.20240523.01.00
3.20240523.01.00
3.20240523.01.00
3.20240523.01.00
3.20240524
3.20240524
3.20240524
3.20240524
3.20240524.01.00
3.20240524.01.00
3.20240524.01.00
3.20240524.01.00
3.20240525
3.20240525
3.20240525
3.20240525
3.20240525.01.00
3.20240525.01.00
3.20240525.01.00
3.20240525.01.00
3.20240526
3.20240526
3.20240526
3.20240526
3.20240526.01.00
3.20240526.01.00
3.20240526.01.00
3.20240526.01.00
3.20240527
3.20240527
3.20240527
3.20240527
3.20240527.01.00
3.20240527.01.00
3.20240527.01.00
3.20240527.01.00
3.20240528
3.20240528
3.20240528
3.20240528
3.20240528.01.00
3.20240528.01.00
3.20240528.01.00
3.20240528.01.00
3.20240529
3.20240529
3.20240529
3.20240529
3.20240529.01.00
3.20240529.01.00
3.20240529.01.00
3.20240529.01.00
3.20240530
3.20240530
3.20240530
3.20240530
3.20240530.01.00
3.20240530.01.00
3.20240530.01.00
3.20240530.01.00
3.20240531
3.20240531
3.20240531
3.20240531
3.20240531.01.00
3.20240531.01.00
3.20240531.01.00
3.20240531.01.00
3.20240601
3.20240601
3.20240601
3.20240601
3.20240601.01.00
3.20240601.01.00
3.20240601.01.00
3.20240601.01.00
3.20240602
3.20240602
3.20240602
3.20240602
3.20240602.01.00
3.20240602.01.00
3.20240602.01.00
3.20240602.01.00
3.20240603
3.20240603
3.20240603
3.20240603
3.20240603.01.00
3.20240603.01.00
3.20240603.01.00
3.20240603.01.00
3.20240604
3.20240604
3.20240604
3.20240604
3.20240604.01.00
3.20240604.01.00
3.20240604.01.00
3.20240604.01.00
3.20240605
3.20240605
3.20240605
3.20240605
3.20240605.01.00
3.20240605.01.00
3.20240605.01.00
3.20240605.01.00
3.20240606
3.20240606
3.20240606
3.20240606
3.20240606.01.00
3.20240606.01.00
3.20240606.01.00
3.20240606.01.00
3.20240607
3.20240607
3.20240607
3.20240607
3.20240607.01.00
3.20240607.01.00
3.20240607.01.00
3.20240607.01.00
3.20240608
3.20240608
3.20240608
3.20240608
3.20240608.01.00
3.20240608.01.00
3.20240608.01.00
3.20240608.01.00
3.20240609
3.20240609
3.20240609
3.20240609
3.20240609.01.00
3.20240609.01.00
3.20240609.01.00
3.20240609.01.00
3.20240610
3.20240610
3.20240610
3.20240610
3.20240610.01.00
3.20240610.01.00
3.20240610.01.00
3.20240610.01.00
3.20240611
3.20240611
3.20240611
3.20240611
3.20240611.01.00
3.20240611.01.00
3.20240611.01.00
3.20240611.01.00
3.20240612
3.20240612
3.20240612
3.20240612
3.20240612.01.00
3.20240612.01.00
3.20240612.01.00
3.20240612.01.00
3.20240613
3.20240613
3.20240613
3.20240613
3.20240613.01.00
3.20240613.01.00
3.20240613.01.00
3.20240613.01.00
3.20240614
3.20240614
3.20240614
3.20240614
3.20240614.01.00
3.20240614.01.00
3.20240614.01.00
3.20240614.01.00
3.20240615
3.20240615
3.20240615
3.20240615
3.20240615.01.00
3.20240615.01.00
3.20240615.01.00
3.20240615.01.00
3.20240616
3.20240616
3.20240616
3.20240616
3.20240616.01.00
3.20240616.01.00
3.20240616.01.00
3.20240616.01.00
3.20240617
3.20240617
3.20240617
3.20240617
3.20240617.01.00
3.20240617.01.00
3.20240617.01.00
3.20240617.01.00
3.20240618
3.20240618
3.20240618
3.20240618
3.20240618.01.00
3.20240618.01.00
3.20240618.01.00
3.20240618.01.00
2.20230616.01.00
2.20230616.01.00
2.20230616.01.00
2.20230616.01.00
1.20150713
1.20150713
1.20150713
1.20150713
1.20180713
1.20180713
1.20180713
1.20180713
1.20200713
1.20200713
1.20200713
1.20200713
1.20210713
1.20210713
1.20210713
1.20210713
1.20220403
1.20220403
1.20220403
1.20220403
1.20220918
1.20220918
1.20220918
1.20220918
1.20230616
1.20230616
1.20230616
1.20230616
1.20230617
1.20230617
1.20230617
1.20230617
2.20150719
2.20150719
2.20150719
2.20150719
2.20180719
2.20180719
2.20180719
2.20180719
2.20200719
2.20200719
2.20200719
2.20200719
2.20210719
2.20210719
2.20210719
2.20210719
2.20220325
2.20220325
2.20220325
2.20220325
2.20220405
2.20220405
2.20220405
2.20220405
2.20220918
2.20220918
2.20220918
2.20220918
2.20230616
2.20230616
2.20230616
2.20230616